L   1	1000	10000	15000
L   2	3000	20000	30000
L   3	1000	10000	20000
L   4	2000	6000	12000
L   5	3000	30000	50000
L   6	10000	65000	75000
L   7	5000	25000	40000
L   8	10000	250000	350000
L   9	6000	12000	19000
L  10	3000	15000	20000
L  11	2000	40000	50000
L  12	3000	20000	35000
L  13	50000	125000	175000
L  14	9000	90000	150000
L  15	3000	30000	50000
L  16	10000	20000	30000
L  17	7000	25000	39000
L  18	48000	60000	80000
L  19	3000	15000	30000
L  20	10000	80000	100000
L  21	2000	20000	30000
L  22	3000	25000	35000
L  23	1000	50000	70000
L  24	3000	30000	40000
L  25	1000	90000	110000
L  26	9000	40000	55000
L  27	1000	10000	15000
L  28	16000	30000	60000
L  29	3000	35000	55000
L  30	30000	120000	170000
L  31	2000	10000	20000
L  32	3000	30000	50000
L  33	3000	140000	170000
L  34	15000	90000	110000
L  35	2000	20000	35000
L  36	1000	60000	80000
L  37	9000	25000	30000
L  38	3000	30000	45000
L  39	1000	15000	20000
L  40	20000	65000	80000
L  41	1000	60000	70000
L  42	3000	50000	65000
L  43	45000	95000	135000
L  44	3000	10000	20000
L  45	3000	20000	35000
L  46	3000	50000	75000
L  47	8000	30000	40000
L  48	10000	55000	70000
L  49	10000	35000	55000
L  50	3000	30000	55000
L  51	3000	45000	75000
L  52	1000	25000	40000
L  53	1000	70000	90000
L  54	1000	25000	40000
L  55	3000	45000	65000
L  56	3000	15000	30000
L  57	1000	70000	85000
L  58	9000	50000	60000
L  59	5000	30000	50000
L  60	15000	75000	100000
L  61	1000	5000	10000
L  62	1000	35000	55000
L  63	6000	110000	130000
L  64	1000	90000	110000
L  65	5000	30000	45000
L  66	1000	40000	50000
L  67	1000	20000	30000
L  68	1000	70000	100000
L  69	9000	80000	110000
L  70	10000	100000	200000
L  71	1000	15000	30000
L  72	3000	35000	50000
L  73	30000	350000	500000
L  74	1000	60000	75000
L  75	3000	35000	45000
L  76	30000	115000	145000
L  77	15000	55000	70000
L  78	10000	70000	90000
L  79	1000	45000	65000
L  80	1000	140000	170000
L  81	6000	55000	85000
L  82	20000	75000	100000
L  83	30000	145000	175000
L  84	18000	60000	75000
L  85	1000	25000	35000
L  86	16000	75000	100000
L  87	9000	35000	45000
L  88	10000	45000	65000
L  89	1000	30000	50000
L  90	30000	90000	110000
L  91	3000	30000	40000
L  92	3000	35000	45000
L  93	3000	30000	40000
L  94	3000	25000	35000
L  95	5000	25000	35000
L  96	10000	50000	70000
L  97	1000	20000	30000
L  98	6000	35000	50000
L  99	3000	35000	45000
L 100	20000	40000	55000
L 101	5000	65000	80000
L 102	5000	70000	90000
L 103	5000	25000	45000
L 104	6000	85000	110000
L 105	6000	40000	50000
L 106	1000	190000	230000
L 107	9000	60000	80000
L 108	10000	80000	100000
L 109	10000	40000	60000
L 110	18000	90000	110000
L 111	1000	80000	120000
L 112	3000	55000	75000
L 113	12000	45000	55000
L 114	1000	25000	40000
L 115	15000	75000	100000
L 116	40000	250000	300000
L 117	3000	50000	70000
L 118	15000	60000	80000
L 119	10000	85000	100000
L 120	3000	25000	35000
L 121	3000	25000	40000
L 122	5000	75000	100000
L 123	10000	40000	50000
L 124	9000	50000	80000
L 125	5000	60000	75000
L 126	1000	40000	50000
L 127	10000	90000	120000
L 128	1000	45000	55000
L 129	10000	80000	110000
L 130	20000	250000	300000
L 131	1000	8000	15000
L 132	10000	40000	50000
L 133	1000	35000	45000
L 134	3000	40000	50000
L 135	20000	45000	60000
L 136	1000	10000	20000
L 137	9000	50000	75000
L 138	10000	45000	65000
L 139	5000	20000	30000
L 140	20000	40000	60000
L 141	3000	15000	25000
L 142	10000	60000	75000
L 143	8000	20000	30000
L 144	2000	25000	35000
L 145	50000	140000	160000
L 146	3000	20000	25000
L 147	2000	40000	65000
L 148	14000	55000	75000
L 149	1000	25000	40000
L 150	3000	65000	105000
L 151	1000	20000	30000
L 152	3000	25000	35000
L 153	10000	250000	300000
L 154	1000	12000	16000
L 155	35000	100000	130000
L 156	1000	25000	35000
L 157	9000	55000	75000
L 158	63000	120000	140000
L 159	12000	65000	85000
L 160	10000	85000	110000
L 161	1000	20000	25000
L 162	16000	45000	65000
L 163	3000	30000	40000
L 164	10000	60000	75000
L 165	1000	25000	35000
L 166	5000	35000	50000
L 167	1000	20000	35000
L 168	4000	45000	65000
L 169	2000	25000	40000
L 170	10000	85000	110000
L 171	1000	25000	35000
L 172	1000	25000	35000
L 173	3000	45000	55000
L 174	1000	35000	45000
L 175	12000	50000	70000
L 176	1000	15000	25000
L 177	1000	30000	40000
L 178	20000	90000	110000
L 179	10000	90000	120000
L 180	1000	25000	35000
L 181	10000	70000	80000
L 182	2000	20000	40000
L 183	2000	15000	35000
L 184	1000	30000	40000
L 185	23000	90000	110000
L 186	10000	110000	120000
L 187	2000	10000	20000
L 188	7000	55000	75000
L 189	10000	35000	45000
L 190	1000	25000	35000
L 191	1000	10000	15000
L 192	15000	120000	140000
L 193	2000	18000	25000
L 194	2000	25000	35000
L 195	10000	115000	125000
L 196	3000	25000	50000
L 197	3000	30000	45000
L 198	25000	60000	75000
L 199	12000	45000	65000
L 200	3000	60000	75000
L 201	3000	45000	75000
L 202	10000	90000	125000
L 203	3000	30000	45000
L 204	3000	25000	35000
L 205	1000	35000	45000
L 206	10000	110000	130000
L 207	3000	45000	55000
L 208	2000	15000	30000
L 209	12000	50000	65000
L 210	3000	20000	30000
L 211	2000	25000	50000
L 212	36000	60000	90000
L 213	36000	45000	65000
L 214	1000	40000	75000
L 215	40000	65000	90000
L 216	1000	75000	100000
L 217	11000	70000	100000
L 218	10000	20000	35000
L 219	1000	25000	40000
L 220	4000	50000	65000
L 221	1000	25000	30000
L 222	10000	40000	55000
L 223	72000	150000	200000
L 224	1000	50000	70000
L 225	16000	70000	90000
L 226	3000	90000	130000
L 227	1000	25000	35000
L 228	1000	20000	25000
L 229	10000	120000	140000
L 230	1000	40000	60000
L 231	6000	55000	75000
L 232	1000	30000	40000
L 233	10000	140000	160000
L 234	10000	75000	95000
L 235	10000	80000	100000
L 236	9000	50000	70000
L 237	2000	20000	30000
L 238	3000	30000	50000
L 239	10000	210000	260000
L 240	13000	60000	75000
L 241	15000	50000	70000
L 242	3000	45000	65000
L 243	3000	65000	80000
L 244	3000	30000	50000
L 245	20000	50000	75000
L 246	1000	10000	15000
L 247	3000	20000	30000
L 248	25000	45000	65000
L 249	2000	10000	20000
L 250	6000	55000	70000
L 251	9000	30000	55000
L 252	30000	50000	65000
L 253	5000	30000	45000
L 254	18000	50000	65000
L 255	6000	25000	35000
L 256	1000	35000	55000
L 257	2000	15000	25000
L 258	1000	7000	12000
L 259	2000	25000	35000
L 260	2000	35000	45000
L 261	1000	15000	25000
L 262	1000	30000	40000
L 263	1000	50000	70000
L 264	2000	35000	45000
L 265	2000	40000	50000
L 266	2000	35000	45000
L 267	2000	50000	60000
L 268	2000	40000	55000
L 269	2000	120000	160000
L 270	2000	15000	20000
L 271	30000	45000	70000
L 272	9000	40000	55000
L 273	3000	30000	45000
L 274	3000	30000	45000
L 275	3000	22000	30000
L 276	2000	35000	50000
L 277	3000	30000	40000
L 278	25000	55000	90000
L 279	1000	20000	28000
L 280	10000	125000	150000
L 281	5000	35000	45000
L 282	23000	40000	65000
L 283	1500	105000	120000
L 284	30000	115000	160000
L 285	32000	120000	160000
L 286	2000	25000	50000
L 287	2000	30000	65000
L 288	2000	20000	30000
L 289	10000	145000	155000
L 290	6000	45000	55000
L 291	3000	20000	25000
L 292	2000	20000	30000
L 293	2000	35000	45000
L 294	10000	100000	120000
L 295	25000	120000	150000
L 296	2000	40000	60000
L 297	5000	20000	30000
L 298	12000	95000	115000
L 299	2000	35000	50000
L 300	50000	130000	160000
L 301	1000	20000	30000
L 302	10000	30000	40000
L 303	40000	120000	150000
L 304	20000	100000	120000
L 305	15000	70000	90000
L 306	1000	30000	45000
L 307	1000	60000	80000
L 308	22000	60000	80000
L 309	10000	80000	100000
L 310	1000	15000	20000
L 311	10000	110000	145000
L 312	3000	30000	55000
L 313	10000	20000	30000
L 314	32000	115000	145000
L 315	10000	70000	85000
L 316	10000	80000	100000
L 317	2000	30000	40000
L 318	6000	35000	45000
L 319	3000	25000	40000
L 320	3000	25000	35000
L 321	13000	45000	60000
L 322	2000	35000	50000
L 323	6000	45000	55000
L 324	38000	100000	130000
L 325	10000	150000	180000
L 326	1000	15000	25000
L 327	36000	85000	100000
L 328	3000	45000	55000
L 329	2000	20000	30000
L 330	16000	105000	125000
L 331	10000	45000	60000
L 332	10000	60000	90000
L 333	10000	75000	90000
L 334	46000	150000	170000
L 335	5000	60000	70000
L 336	20000	60000	70000
L 337	5000	30000	40000
L 338	17000	55000	75000
L 339	10000	190000	210000
L 340	10000	60000	70000
L 341	10000	30000	60000
L 342	2000	20000	30000
L 343	10000	80000	100000
L 344	2000	35000	45000
L 345	10000	75000	90000
L 346	1000	17000	22000
L 347	10000	45000	60000
L 348	5000	50000	60000
L 349	6000	55000	75000
L 350	4000	40000	50000
L 351	15000	80000	100000
L 352	10000	45000	60000
L 353	3000	40000	50000
L 354	3000	30000	40000
L 355	2000	30000	40000
L 356	1000	17000	22000
L 357	10000	70000	80000
L 358	34000	130000	150000
L 359	3000	40000	55000
L 360	15000	90000	120000
L 361	31000	90000	110000
L 362	3000	30000	40000
L 363	5000	100000	120000
L 364	2000	40000	80000
L 365	3000	60000	90000
L 366	3000	40000	50000
L 367	21000	80000	100000
L 368	10000	100000	120000
L 369	14000	55000	70000
L 370	16000	115000	145000
L 371	5000	25000	30000
L 372	5000	50000	60000
L 373	21000	60000	70000
L 374	15000	145000	160000
L 375	36000	105000	130000
L 376	25000	155000	170000
L 377	3000	75000	90000
L 378	3000	55000	80000
L 379	24000	95000	110000
L 380	10000	140000	170000
L 381	6000	70000	100000
L 382	16000	85000	110000
L 383	1000	15000	25000
L 384	5000	50000	60000
L 385	32000	110000	135000
L 386	3000	50000	60000
L 387	1000	30000	50000
L 388	28000	100000	130000
L 389	18000	110000	130000
L 390	9000	80000	120000
L 391	6000	120000	180000
L 392	3000	55000	75000
L 393	3000	40000	50000
L 394	12000	120000	150000
L 395	20000	70000	90000
L 396	3000	60000	70000
L 397	10000	110000	135000
L 398	3000	40000	50000
L 399	3000	45000	60000
L 400	17000	110000	130000
L 401	5000	50000	60000
L 402	27000	85000	110000
L 403	3000	40000	50000
L 404	24000	65000	80000
L 405	3000	40000	50000
L 406	3000	50000	70000
L 407	6000	70000	80000
L 408	26000	115000	140000
L 409	2000	60000	80000
L 410	5000	85000	100000
L 411	3000	40000	60000
L 412	1000	15000	20000
L 413	25000	145000	170000
L 414	14000	85000	110000
L 415	3000	40000	50000
L 416	3000	60000	70000
L 417	19000	130000	150000
L 418	1000	20000	30000
L 419	2000	35000	50000
L 420	36000	110000	130000
L 421	3000	35000	50000
L 422	16000	150000	170000
L 423	25000	100000	130000
L 424	3000	75000	90000
L 425	32000	200000	270000
L 426	3000	85000	100000
L 427	9000	45000	60000
L 428	3000	40000	60000
L 429	2000	135000	165000
L 430	3000	50000	65000
L 431	1000	10000	15000
L 432	3000	50000	60000
L 433	20000	110000	130000
L 434	31000	110000	130000
L 435	2000	35000	55000
L 436	5000	100000	125000
L 437	20000	80000	100000
L 438	10000	130000	160000
L 439	30000	100000	120000
L 440	10000	135000	160000
L 441	2000	30000	45000
L 442	31000	100000	120000
L 443	10000	100000	130000
L 444	2000	55000	70000
L 445	30000	120000	135000
L 446	2000	45000	65000
L 447	10000	140000	170000
L 448	9000	80000	100000
L 449	2000	80000	100000
L 450	50000	135000	165000
L 451	50000	300000	500000
L 452	9000	55000	70000
L 453	2000	40000	50000
L 454	36000	130000	150000
L 455	3000	40000	50000
L 456	10000	110000	140000
L 457	2000	45000	60000
L 458	10000	120000	140000
L 459	3000	75000	90000
L 460	14000	80000	100000
L 461	2000	25000	40000
L 462	10000	135000	165000
L 463	3000	55000	80000
L 464	2000	50000	70000
L 465	10000	120000	160000
L 466	10000	55000	70000
L 467	3000	45000	60000
L 468	16000	150000	170000
L 469	6000	35000	45000
L 470	34000	120000	150000
L 471	3000	35000	50000
L 472	30000	160000	190000
L 473	19000	110000	150000
L 474	6000	55000	70000
L 475	14000	110000	140000
L 476	30000	185000	200000
L 477	3000	60000	75000
L 478	5000	30000	38000
L 479	18000	110000	140000
L 480	3000	50000	70000
L 481	3000	30000	40000
L 482	5000	30000	35000
L 483	5000	80000	100000
L 484	3000	30000	40000
L 485	18000	100000	120000
L 486	4000	55000	75000
L 487	19000	110000	130000
L 488	3000	55000	70000
L 489	3000	30000	45000
L 490	18000	125000	155000
L 491	2000	70000	100000
L 492	2000	70000	105000
L 493	8000	60000	75000
L 494	2000	100000	120000
L 495	17000	80000	100000
L 496	3000	35000	50000
L 497	21000	120000	150000
L 498	5000	30000	50000
L 499	25000	100000	130000
L 500	10000	200000	300000
L 501	9000	50000	60000
L 502	3000	20000	30000
L 503	3000	20000	35000
L 504	30000	100000	130000
L 505	3000	80000	100000
L 506	5000	20000	25000
L 507	3000	30000	40000
L 508	10000	170000	200000
L 509	3000	50000	60000
L 510	20000	100000	120000
L 511	5000	75000	100000
L 512	21000	100000	130000
L 513	3000	40000	50000
L 514	35000	80000	110000
L 515	2000	20000	30000
L 516	0	20000	30000
L 517	2000	35000	50000
L 518	20000	80000	100000
L 519	16000	60000	80000
L 520	3000	40000	50000
L 521	27000	130000	155000
L 522	19000	120000	150000
L 523	3000	15000	25000
L 524	15000	220000	350000
L 525	30000	80000	100000
L 526	3000	40000	60000
L 527	3000	20000	30000
L 528	20000	70000	85000
L 529	3000	50000	70000
L 530	20000	150000	180000
L 531	3000	30000	50000
L 532	17000	40000	50000
L 533	20000	110000	135000
L 534	24000	90000	110000
L 535	3000	40000	60000
L 536	3000	25000	30000
L 537	3000	55000	65000
L 538	3000	20000	25000
L 539	10000	75000	95000
L 540	52000	135000	150000
L 541	3000	30000	40000
L 542	3000	40000	50000
L 543	9000	30000	40000
L 544	18000	70000	90000
L 545	9000	50000	70000
L 546	10000	115000	140000
L 547	3000	20000	30000
L 548	17000	100000	120000
L 549	20000	80000	100000
L 550	20000	100000	120000
L 551	3000	40000	50000
L 552	3000	20000	25000
L 553	23000	75000	90000
L 554	4000	40000	50000
L 555	3000	45000	60000
L 556	18000	100000	140000
L 557	1500	30000	40000
L 558	3000	40000	60000
L 559	24000	80000	100000
L 560	3000	90000	120000
L 561	10000	115000	150000
L 562	9000	65000	80000
L 563	5000	45000	60000
L 564	10000	100000	130000
L 565	3000	140000	170000
L 566	9000	50000	75000
L 567	18000	100000	120000
L 568	6000	70000	90000
L 569	3000	25000	35000
L 570	3000	35000	55000
L 571	3000	35000	50000
L 572	20000	150000	180000
L 573	3000	30000	40000
L 574	33000	200000	250000
L 575	21000	50000	70000
L 576	2000	20000	30000
L 577	4000	80000	120000
L 578	20000	90000	120000
L 579	3000	100000	170000
L 580	3000	75000	100000
L 581	8000	40000	60000
L 582	13000	120000	150000
L 583	5000	50000	90000
L 584	3000	30000	40000
L 585	22000	100000	130000
L 586	10000	130000	160000
L 587	3000	20000	30000
L 588	3000	25000	50000
L 589	4000	50000	60000
L 590	6000	18000	25000
L 591	5000	25000	35000
L 592	10000	60000	80000
L 593	1500	20000	30000
L 594	28000	160000	200000
L 595	3000	20000	30000
L 596	13000	60000	70000
L 597	3000	45000	60000
L 598	12000	100000	130000
L 599	10000	25000	30000
L 600	5000	100000	130000
L 601	4000	70000	110000
L 602	5000	30000	40000
L 603	12000	70000	90000
L 604	40000	100000	125000
L 605	10000	80000	100000
L 606	3000	70000	90000
L 607	3000	25000	40000
L 608	3000	15000	25000
L 609	10000	80000	120000
L 610	3000	20000	30000
L 611	3000	30000	45000
L 612	18000	150000	200000
L 613	3000	70000	85000
L 614	3000	20000	30000
L 615	10000	45000	55000
L 616	10000	75000	100000
L 617	3000	45000	60000
L 618	10000	65000	90000
L 619	3000	40000	50000
L 620	10000	150000	180000
L 621	20000	145000	185000
L 622	30000	150000	200000
L 623	10000	75000	100000
L 624	16000	80000	100000
L 625	3000	50000	60000
L 626	10000	155000	180000
L 627	12000	180000	260000
L 628	4000	20000	30000
L 629	3000	20000	30000
L 630	36000	65000	85000
L 631	28000	65000	90000
L 632	10000	80000	100000
L 633	1000	9000	12000
L 634	3000	20000	40000
L 635	20000	130000	175000
L 636	12000	140000	170000
L 637	20000	120000	220000
L 638	5000	18000	25000
L 639	5000	190000	250000
L 640	5000	70000	90000
L 641	3000	20000	30000
L 642	50000	140000	180000
L 643	3000	60000	80000
L 644	10000	55000	80000
L 645	5000	120000	160000
L 646	10000	200000	260000
L 647	3000	55000	70000
L 648	20000	140000	170000
L 649	3000	40000	50000
L 650	20000	100000	130000
L 651	3000	40000	50000
L 652	10000	90000	110000
L 653	3000	30000	40000
L 654	30000	140000	180000
L 655	3000	35000	47000
L 656	3000	45000	60000
L 657	3000	30000	45000
L 658	3000	30000	45000
L 659	3000	25000	35000
L 660	24000	80000	100000
L 661	3000	20000	25000
L 662	3000	25000	50000
L 663	25000	80000	100000
L 664	10000	90000	120000
L 665	15000	80000	100000
L 666	26000	95000	120000
L 667	3000	40000	60000
L 668	25000	175000	200000
L 669	3000	40000	50000
L 670	6000	75000	100000
L 671	3000	20000	30000
L 672	1000	10000	15000
L 673	10000	100000	120000
L 674	16000	45000	60000
L 675	5000	65000	80000
L 676	3000	50000	70000
L 677	5000	25000	35000
L 678	20000	100000	130000
L 679	5000	30000	40000
L 680	22000	80000	100000
L 681	35000	80000	100000
L 682	5000	45000	80000
L 683	30000	95000	120000
L 684	3000	45000	60000
L 685	8000	60000	90000
L 686	8000	20000	30000
L 687	10000	110000	135000
L 688	5000	50000	70000
L 689	5000	55000	75000
L 690	24000	85000	105000
L 691	3000	35000	50000
L 692	3000	25000	35000
L 693	26000	75000	90000
L 694	12000	170000	190000
L 695	28000	80000	100000
L 696	10000	75000	100000
L 697	17000	75000	105000
L 698	10000	95000	120000
L 699	5000	25000	30000
L 700	3000	20000	35000
L 701	3000	45000	75000
L 702	3000	25000	35000
L 703	12000	100000	110000
L 704	3000	35000	50000
L 705	16000	65000	80000
L 706	3000	30000	40000
L 707	10000	95000	115000
L 708	15000	95000	105000
L 709	5000	25000	40000
L 710	5000	30000	40000
L 711	15000	80000	100000
L 712	24000	65000	85000
L 713	10000	75000	95000
L 714	5000	40000	60000
L 715	25000	190000	260000
L 716	3000	17000	30000
L 717	3000	35000	50000
L 718	3000	30000	45000
L 719	20000	110000	150000
L 720	22000	100000	125000
L 721	5000	20000	30000
L 722	6000	25000	35000
L 723	24000	100000	140000
L 724	10000	120000	140000
L 725	16000	55000	70000
L 726	15000	140000	175000
L 727	3000	50000	70000
L 728	6000	27000	35000
L 729	10000	140000	160000
L 730	3000	65000	80000
L 731	10000	95000	120000
L 732	5000	30000	45000
L 733	3000	50000	65000
L 734	3000	65000	80000
L 735	15000	70000	90000
L 736	3000	55000	80000
L 737	28000	110000	150000
L 738	50000	170000	215000
L 739	18000	80000	105000
L 740	3000	45000	65000
L 741	5000	45000	60000
L 742	3000	25000	40000
L 743	20000	80000	100000
L 744	3000	60000	70000
L 745	20000	60000	80000
L 746	3000	50000	60000
L 747	10000	90000	110000
L 748	5000	50000	65000
L 749	20000	70000	95000
L 750	12000	40000	55000
L 751	15000	65000	90000
L 752	5000	20000	35000
L 753	25000	125000	150000
L 754	15000	65000	100000
L 755	3000	40000	60000
L 756	34000	140000	175000
L 757	3000	40000	60000
L 758	3000	30000	45000
L 759	20000	140000	180000
L 760	5000	45000	55000
L 761	27000	100000	120000
L 762	5000	30000	50000
L 763	30000	100000	120000
L 764	3000	35000	45000
L 765	53000	160000	185000
L 766	8000	100000	120000
L 767	15000	65000	80000
L 768	16000	100000	170000
L 769	10000	145000	190000
L 770	3000	50000	70000
L 771	23000	120000	140000
L 772	18000	75000	100000
L 773	6000	30000	45000
L 774	3000	55000	70000
L 775	10000	55000	70000
L 776	5000	86000	111000
L 777	3000	45000	60000
L 778	3000	35000	45000
L 779	3000	20000	30000
L 780	5000	40000	55000
L 781	50000	140000	180000
L 782	12000	60000	75000
L 783	17000	80000	100000
L 784	5000	55000	70000
L 785	24000	75000	100000
L 786	34000	125000	150000
L 787	5000	24000	30000
L 788	3000	26000	42000
L 789	3000	45000	60000
L 790	19000	165000	200000
L 791	5000	26000	40000
L 792	3000	30000	40000
L 793	20000	60000	75000
L 794	15000	175000	210000
L 795	5000	45000	57000
L 796	18000	80000	95000
L 797	5000	45000	65000
L 798	3000	45000	60000
L 799	22000	130000	165000
L 800	5000	34000	50000
L 801	10000	100000	115000
L 802	20000	155000	190000
L 803	3000	45000	80000
L 804	9000	60000	80000
L 805	32000	100000	130000
L 806	3000	130000	150000
L 807	15000	145000	180000
L 808	5000	15000	25000
L 809	3000	35000	60000
L 810	12000	45000	60000
L 811	3000	45000	60000
L 812	18000	165000	200000
L 813	3000	35000	50000
L 814	12000	75000	90000
L 815	12000	90000	110000
L 816	3000	120000	150000
L 817	3000	27000	35000
L 818	3000	40000	50000
L 819	3000	70000	85000
L 820	12000	130000	160000
L 821	3000	45000	60000
L 822	19000	50000	70000
L 823	3000	80000	110000
L 824	25000	145000	190000
L 825	14000	50000	65000
L 826	3000	20000	25000
L 827	5000	40000	50000
L 828	3000	80000	100000
L 829	9000	100000	120000
L 830	20000	165000	200000
L 831	5000	40000	60000
L 832	12000	60000	80000
L 833	20000	80000	100000
L 834	20000	65000	80000
L 835	3000	55000	70000
L 836	24000	65000	80000
L 837	3000	40000	50000
L 838	5000	75000	100000
L 839	8000	45000	60000
L 840	10000	75000	100000
L 841	3000	65000	80000
L 842	3000	30000	50000
L 843	5000	15000	20000
L 844	33000	130000	160000
L 845	25000	110000	140000
L 846	10000	150000	180000
L 847	10000	40000	55000
L 848	10000	35000	50000
L 849	20000	120000	145000
L 850	10000	120000	145000
L 851	10000	30000	50000
L 852	5000	25000	33000
L 853	10000	70000	100000
L 854	25000	150000	180000
L 855	20000	145000	210000
L 856	5000	20000	35000
L 857	10000	34000	45000
L 858	15000	65000	95000
L 859	25000	140000	165000
L 860	17000	60000	75000
L 861	5000	16000	26000
L 862	10000	30000	45000
L 863	25000	175000	215000
L 864	10000	85000	110000
L 865	20000	65000	85000
L 866	36000	55000	70000
L 867	3000	60000	75000
L 868	16000	47000	60000
L 869	5000	15000	25000
L 870	5000	40000	50000
L 871	14000	50000	75000
L 872	10000	80000	100000
L 873	3000	25000	45000
L 874	4000	15000	20000
L 875	35000	60000	75000
L 876	29000	90000	110000
L 877	3000	30000	50000
L 878	3000	25000	30000
L 879	14000	120000	145000
L 880	3000	25000	45000
L 881	5000	20000	30000
L 882	18000	120000	150000
L 883	5000	40000	50000
L 884	37000	100000	125000
L 885	15000	120000	150000
L 886	9000	40000	50000
L 887	12000	40000	50000
L 888	3000	45000	60000
L 889	3000	25000	30000
L 890	3000	55000	70000
L 891	10000	100000	130000
L 892	6000	30000	40000
L 893	15000	45000	60000
L 894	3000	25000	30000
L 895	37000	200000	250000
L 896	21000	80000	100000
L 897	5000	40000	50000
L 898	6000	30000	50000
L 899	22000	75000	100000
L 900	25000	180000	220000
L 901	10000	85000	100000
L 902	30000	75000	100000
L 903	10000	25000	30000
L 904	3000	40000	50000
L 905	22000	75000	100000
L 906	17000	80000	95000
L 907	3000	25000	40000
L 908	50000	95000	120000
L 909	6000	40000	50000
L 910	3000	17000	26000
L 911	5000	20000	35000
L 912	10000	80000	100000
L 913	2000	25000	35000
L 914	5000	100000	125000
L 915	18000	40000	55000
L 916	15000	69000	87000
L 917	5000	60000	75000
L 918	54000	120000	150000
L 919	3000	50000	75000
L 920	26000	90000	120000
L 921	10000	35000	50000
L 922	10000	65000	80000
L 923	3000	29000	37000
L 924	5000	32000	42000
L 925	25000	100000	125000
L 926	3000	35000	75000
L 927	3000	20000	45000
L 928	10000	70000	115000
L 929	19000	45000	70000
L 930	3000	55000	90000
L 931	10000	40000	55000
L 932	20000	90000	120000
L 933	68000	130000	160000
L 934	3000	25000	55000
L 935	5000	40000	90000
L 936	10000	50000	75000
L 937	5000	65000	80000
L 938	20000	80000	110000
L 939	100000	173000	235000
L 940	9000	60000	85000
L 941	3000	70000	100000
L 942	10000	80000	100000
L 943	5000	50000	100000
L 944	18000	50000	70000
L 945	20000	150000	190000
L 946	3000	30000	40000
L 947	12000	40000	50000
L 948	3000	30000	40000
L 949	14000	60000	80000
L 950	22000	125000	150000
L 951	3000	55000	70000
L 952	36000	130000	180000
L 953	3000	25000	35000
L 954	17000	80000	100000
L 955	10000	145000	200000
L 956	15000	60000	100000
L 957	20000	100000	135000
L 958	15000	95000	130000
L 959	3000	55000	85000
L 960	8000	30000	45000
L 961	3000	30000	50000
L 962	10000	80000	120000
L 963	21000	80000	100000
L 964	10000	230000	300000
L 965	3000	85000	100000
L 966	9000	75000	100000
L 967	6000	35000	50000
L 968	5000	45000	60000
L 969	22000	140000	175000
L 970	3000	15000	20000
L 971	12000	60000	75000
L 972	5000	40000	50000
L 973	5000	40000	60000
L 974	10000	50000	75000
L 975	5000	40000	50000
L 976	18000	40000	50000
L 977	3000	50000	80000
L 978	18000	100000	125000
L 979	26000	90000	120000
L 980	5000	40000	50000
L 981	3000	25000	40000
L 982	15000	27000	33000
L 983	5000	40000	50000
L 984	18000	80000	100000
L 985	20000	125000	150000
L 986	5000	45000	60000
L 987	6000	25000	45000
L 988	5000	45000	60000
L 989	6000	23000	30000
L 990	5000	50000	70000
L 991	60000	85000	110000
L 992	5000	50000	75000
L 993	76000	150000	180000
L 994	17000	75000	100000
L 995	8000	20000	27000
L 996	18000	75000	100000
L 997	5000	50000	60000
L 998	5000	65000	80000
L 999	80000	110000	140000
L1000	3000	55000	80000
L1001	5000	35000	45000
L1002	16000	55000	70000
L1003	50000	125000	170000
L1004	20000	60000	75000
L1005	5000	60000	75000
L1006	5000	60000	75000
L1007	3000	25000	40000
L1008	44000	100000	130000
L1009	3000	20000	30000
L1010	14000	50000	60000
L1011	5000	20000	25000
L1012	10000	25000	35000
L1013	5000	12000	20000
L1014	16000	82000	100000
L1015	64000	105000	130000
L1016	9000	45000	60000
L1017	3000	65000	80000
L1018	26000	45000	60000
L1019	20000	50000	63000
L1020	3000	30000	40000
L1021	10000	40000	65000
L1022	5000	21000	30000
L1023	84000	160000	200000
L1024	5000	50000	75000
L1025	20000	60000	80000
L1026	3000	60000	75000
L1027	5000	35000	55000
L1028	70000	130000	155000
L1029	5000	20000	35000
L1030	14000	75000	100000
L1031	5000	50000	80000
L1032	50000	95000	120000
L1033	5000	40000	50000
L1034	6000	20000	30000
L1035	17000	60000	90000
L1036	35000	95000	125000
L1037	6000	80000	130000
L1038	5000	35000	55000
L1039	16000	40000	60000
L1040	5000	40000	50000
L1041	10000	50000	70000
L1042	5000	50000	60000
L1043	3000	20000	45000
L1044	25000	80000	100000
L1045	5000	40000	50000
L1046	15000	60000	75000
L1047	12000	75000	100000
L1048	40000	75000	90000
L1049	22000	125000	150000
L1050	5000	30000	55000
L1051	5000	20000	30000
L1052	5000	40000	50000
L1053	6000	50000	75000
L1054	64000	103000	133000
L1055	10000	55000	75000
L1056	5000	30000	40000
L1057	3000	20000	30000
L1058	5000	50000	75000
L1059	8000	55000	75000
L1060	20000	85000	110000
L1061	3000	35000	45000
L1062	3000	15000	20000
L1063	100000	125000	150000
L1064	5000	65000	80000
L1065	5000	30000	40000
L1066	2000	10000	15000
L1067	20000	35000	55000
L1068	5000	25000	30000
L1069	3000	20000	50000
L1070	18000	45000	55000
L1071	50000	135000	170000
L1072	5000	20000	35000
L1073	16000	45000	65000
L1074	24000	45000	60000
L1075	36000	80000	100000
L1076	3000	25000	37000
L1077	32000	115000	145000
L1078	35000	100000	130000
L1079	15000	55000	75000
L1080	3000	75000	100000
L1081	52000	85000	115000
L1082	3000	10000	20000
L1083	20000	100000	120000
L1084	5000	65000	90000
L1085	3000	40000	60000
L1086	3000	25000	40000
L1087	3000	35000	45000
L1088	3000	20000	35000
L1089	5000	45000	60000
L1090	36000	90000	120000
L1091	16000	35000	50000
L1092	3000	22000	35000
L1093	3000	20000	30000
L1094	3000	55000	85000
L1095	5000	40000	50000
L1096	16000	50000	65000
L1097	9000	30000	40000
L1098	5000	75000	100000
L1099	50000	110000	130000
L1100	30000	110000	140000
L1101	3000	12000	25000
L1102	25000	110000	130000
L1103	24000	75000	95000
L1104	5000	65000	80000
L1105	5000	40000	50000
L1106	15000	40000	60000
L1107	16000	80000	100000
L1108	5000	35000	50000
L1109	5000	55000	85000
L1110	5000	20000	25000
L1111	18000	70000	90000
L1112	20000	75000	95000
L1113	15000	75000	100000
L1114	5000	55000	80000
L1115	5000	80000	100000
L1116	10000	40000	50000
L1117	25000	150000	200000
L1118	28000	110000	140000
L1119	90000	130000	170000
L1120	9000	20000	30000
L1121	3000	30000	50000
L1122	11000	45000	60000
L1123	90000	115000	145000
L1124	12000	40000	55000
L1125	3000	25000	30000
L1126	50000	120000	150000
L1127	50000	210000	260000
L1128	5000	35000	50000
L1129	2000	40000	75000
L1130	20000	125000	180000
L1131	10000	75000	110000
L1132	18000	55000	80000
L1133	3000	25000	35000
L1134	3000	30000	40000
L1135	5000	50000	80000
L1136	16000	35000	50000
L1137	5000	50000	60000
L1138	90000	200000	250000
L1139	5000	60000	75000
L1140	32000	95000	120000
L1141	5000	60000	75000
L1142	3000	25000	30000
L1143	20000	70000	90000
L1144	15000	35000	45000
L1145	5000	35000	45000
L1146	3000	20000	30000
L1147	16000	40000	55000
L1148	3000	20000	30000
L1149	10000	50000	75000
L1150	60000	100000	140000
L1151	20000	130000	160000
L1152	24000	100000	125000
L1153	3000	35000	45000
L1154	25000	55000	65000
L1155	5000	30000	40000
L1156	15000	40000	50000
L1157	14000	75000	90000
L1158	45000	65000	85000
L1159	5000	45000	60000
L1160	15000	125000	160000
L1161	3000	35000	45000
L1162	10000	23000	32000
L1163	5000	42000	55000
L1164	5000	45000	55000
L1165	19000	100000	125000
L1166	5000	55000	75000
L1167	6000	45000	60000
L1168	60000	125000	150000
L1169	10000	60000	80000
L1170	35000	150000	200000
L1171	3000	15000	30000
L1172	5000	30000	40000
L1173	65000	120000	155000
L1174	18000	80000	100000
L1175	5000	30000	45000
L1176	3000	40000	55000
L1177	5000	40000	55000
L1178	3000	30000	50000
L1179	15000	50000	65000
L1180	100000	150000	190000
L1181	90000	145000	165000
L1182	5000	50000	65000
L1183	3000	50000	65000
L1184	10000	65000	80000
L1185	15000	120000	170000
L1186	5000	35000	50000
L1187	3000	15000	25000
L1188	5000	35000	50000
L1189	3000	30000	50000
L1190	2000	15000	25000
L1191	10000	50000	65000
L1192	6000	30000	45000
L1193	10000	85000	110000
L1194	35000	80000	100000
L1195	25000	80000	100000
L1196	10000	55000	70000
L1197	5000	50000	60000
L1198	5000	30000	40000
L1199	10000	70000	85000
L1200	1000	12000	20000
L1201	5000	30000	40000
L1202	5000	35000	55000
L1203	75000	110000	140000
L1204	5000	20000	30000
L1205	24000	125000	150000
L1206	70000	125000	155000
L1207	16000	115000	145000
L1208	5000	40000	50000
L1209	23000	80000	100000
L1210	10000	35000	50000
L1211	0	20000	30000
L1212	5000	45000	65000
L1213	80000	110000	145000
L1214	20000	130000	190000
L1215	10000	65000	95000
L1216	5000	60000	80000
L1217	20000	80000	100000
L1218	19000	90000	110000
L1219	10000	80000	100000
L1220	5000	60000	90000
L1221	5000	80000	110000
L1222	3000	35000	55000
L1223	50000	90000	120000
L1224	5000	40000	55000
L1225	14000	75000	110000
L1226	6000	50000	65000
L1227	20000	55000	75000
L1228	18000	55000	70000
L1229	45000	80000	100000
L1230	3000	25000	30000
L1231	5000	45000	60000
L1232	12000	50000	60000
L1233	3000	20000	30000
L1234	25000	65000	85000
L1235	15000	115000	150000
L1236	3000	50000	65000
L1237	18000	125000	160000
L1238	1000	15000	20000
L1239	3000	30000	40000
L1240	86000	300000	350000
L1241	3000	25000	35000
L1242	14000	75000	100000
L1243	50000	120000	160000
L1244	6000	25000	40000
L1245	2000	30000	40000
L1246	5000	50000	60000
L1247	3000	25000	50000
L1248	3000	55000	70000
L1249	5000	70000	100000
L1250	50000	140000	200000
L1251	5000	85000	110000
L1252	25000	95000	120000
L1253	3000	40000	60000
L1254	5000	40000	55000
L1255	12000	50000	60000
L1256	50000	150000	200000
L1257	9000	40000	50000
L1258	3000	40000	60000
L1259	35000	100000	140000
L1260	3000	40000	55000
L1261	3000	25000	35000
L1262	45000	70000	85000
L1263	3000	20000	35000
L1264	25000	110000	135000
L1265	5000	55000	70000
L1266	10000	85000	120000
L1267	3000	35000	50000
L1268	3000	35000	50000
L1269	40000	70000	85000
L1270	3000	25000	32000
L1271	9000	45000	60000
L1272	20000	80000	100000
L1273	18000	80000	100000
L1274	3000	55000	75000
L1275	5000	25000	35000
L1276	5000	35000	45000
L1277	20000	80000	100000
L1278	25000	80000	100000
L1279	5000	22000	30000
L1280	5000	30000	45000
L1281	14000	60000	80000
L1282	16000	150000	200000
L1283	2500	9000	12000
L1284	10000	65000	80000
L1285	5000	55000	75000
L1286	3000	60000	75000
L1287	3000	30000	45000
L1288	48000	75000	100000
L1289	3000	20000	30000
L1290	17000	35000	50000
L1291	3000	45000	60000
L1292	24000	100000	130000
L1293	20000	70000	90000
L1294	3000	30000	40000
L1295	9000	45000	60000
L1296	3000	30000	45000
L1297	15000	145000	180000
L1298	105000	140000	190000
L1299	3000	35000	45000
L1300	29000	100000	135000
L1301	2000	35000	50000
L1302	3000	35000	50000
L1303	40000	75000	95000
L1304	5000	55000	75000
L1305	2000	40000	50000
L1306	5000	50000	75000
L1307	10000	90000	120000
L1308	20000	100000	120000
L1309	5000	45000	60000
L1310	5000	40000	55000
L1311	25000	100000	120000
L1312	3000	20000	30000
L1313	25000	140000	175000
L1314	5000	35000	50000
L1315	5000	30000	40000
L1316	3000	20000	30000
L1317	2000	25000	30000
L1318	10000	100000	125000
L1319	11000	35000	45000
L1320	2000	20000	30000
L1321	10000	80000	100000
L1322	5000	25000	35000
L1323	3000	45000	55000
L1324	30000	80000	100000
L1325	2000	30000	40000
L1326	20000	100000	120000
L1327	3000	40000	60000
L1328	5000	50000	60000
L1329	34000	220000	300000
L1330	5000	70000	90000
L1331	15000	50000	65000
L1332	14000	70000	90000
L1333	3000	50000	65000
L1334	3000	27000	35000
L1335	10000	100000	130000
L1336	6000	30000	40000
L1337	8000	50000	65000
L1338	32000	75000	100000
L1339	5000	50000	65000
L1340	5000	37000	48000
L1341	6000	50000	65000
L1342	3000	50000	75000
L1343	48000	130000	170000
L1344	6000	40000	50000
L1345	5000	80000	100000
L1346	30000	95000	115000
L1347	6000	80000	100000
L1348	13000	80000	100000
L1349	3000	30000	55000
L1350	3000	20000	30000
L1351	27000	65000	80000
L1352	14000	150000	190000
L1353	3000	60000	80000
L1354	50000	150000	250000
L1355	2000	25000	30000
L1356	3000	20000	25000
L1357	21000	75000	100000
L1358	3000	25000	30000
L1359	10000	80000	100000
L1360	5000	40000	50000
L1361	3000	50000	70000
L1362	26000	75000	100000
L1363	10000	60000	75000
L1364	5000	50000	65000
L1365	25000	50000	65000
L1366	9000	45000	60000
L1367	31000	80000	95000
L1368	10000	65000	80000
L1369	16000	150000	180000
L1370	2000	60000	75000
L1371	20000	130000	170000
L1372	5000	200000	250000
L1373	3000	70000	90000
L1374	10000	50000	65000
L1375	20000	80000	100000
L1376	10000	100000	150000
L1377	5000	45000	60000
L1378	5000	45000	55000
L1379	10000	60000	75000
L1380	3000	30000	45000
L1381	2000	20000	30000
L1382	12000	55000	75000
L1383	5000	50000	60000
L1384	17000	65000	80000
L1385	6000	20000	35000
L1386	3000	30000	40000
L1387	3000	65000	80000
L1388	110000	290000	340000
L1389	10000	100000	150000
L1390	20000	60000	75000
L1391	25000	130000	160000
L1392	9000	45000	60000
L1393	10000	70000	100000
L1394	9000	90000	120000
L1395	3000	35000	50000
L1396	25000	100000	130000
L1397	3000	17500	25000
L1398	3000	20000	35000
L1399	25000	175000	225000
L1400	5000	60000	90000
L1401	16000	135000	170000
L1402	3000	35000	55000
L1403	3000	50000	65000
L1404	25000	90000	120000
L1405	29000	90000	120000
L1406	2000	45000	60000
L1407	5000	65000	80000
L1408	15000	60000	90000
L1409	24000	70000	90000
L1410	36000	110000	140000
L1411	26000	120000	150000
L1412	10000	40000	50000
L1413	10000	50000	70000
L1414	5000	40000	50000
L1415	72000	110000	140000
L1416	3000	50000	70000
L1417	24000	65000	85000
L1418	5000	40000	50000
L1419	15000	75000	90000
L1420	5000	45000	65000
L1421	3000	35000	50000
L1422	3000	55000	70000
L1423	48000	90000	130000
L1424	28000	80000	100000
L1425	3000	55000	70000
L1426	15000	80000	120000
L1427	4000	55000	80000
L1428	10000	80000	100000
L1429	15000	40000	50000
L1430	10000	60000	80000
L1431	5000	45000	60000
L1432	5000	20000	30000
L1433	3000	45000	65000
L1434	45000	85000	100000
L1435	50000	150000	200000
L1436	5000	30000	50000
L1437	5000	30000	40000
L1438	15000	75000	100000
L1439	5000	35000	50000
L1440	2000	25000	35000
L1441	25000	85000	105000
L1442	6000	65000	80000
L1443	19000	65000	80000
L1444	3000	35000	50000
L1445	5000	35000	50000
L1446	19000	40000	60000
L1447	60000	140000	170000
L1448	35000	110000	140000
L1449	4000	35000	45000
L1450	3000	50000	65000
L1451	3000	25000	35000
L1452	10000	80000	100000
L1453	40000	120000	150000
L1454	22000	120000	150000
L1455	3000	50000	65000
L1456	15000	50000	65000
L1457	15000	50000	75000
L1458	5000	25000	33000
L1459	5000	80000	130000
L1460	25000	70000	90000
L1461	15000	80000	100000
L1462	3000	40000	55000
L1463	25000	125000	175000
L1464	40000	120000	160000
L1465	12000	45000	60000
L1466	15000	75000	120000
L1467	3000	65000	80000
L1468	36000	180000	220000
L1469	6000	40000	50000
L1470	3000	25000	35000
L1471	5000	35000	60000
L1472	5000	35000	45000
L1473	28000	100000	150000
L1474	40000	140000	180000
L1475	35000	100000	150000
L1476	9000	60000	75000
L1477	40000	80000	100000
L1478	9000	90000	120000
L1479	19000	80000	120000
L1480	4000	30000	40000
L1481	50000	160000	200000
L1482	3000	20000	30000
L1483	16000	80000	100000
L1484	25000	120000	150000
L1485	5000	65000	100000
L1486	3000	20000	30000
L1487	50000	110000	140000
L1488	2000	30000	40000
L1489	12000	80000	100000
L1490	2000	20000	25000
L1491	2000	25000	35000
L1492	17000	60000	75000
L1493	5000	23000	30000
L1494	10000	50000	65000
L1495	13000	75000	100000
L1496	78000	150000	180000
L1497	5000	65000	80000
L1498	3000	25000	35000
L1499	9000	60000	75000
L1500	95000	250000	320000
L1501	9000	35000	45000
L1502	32000	55000	75000
L1503	5000	35000	50000
L1504	5000	30000	40000
L1505	10000	55000	75000
L1506	30000	120000	150000
L1507	5000	30000	40000
L1508	3000	20000	30000
L1509	20000	80000	100000
L1510	9000	20000	30000
L1511	5000	65000	80000
L1512	15000	65000	80000
L1513	20000	65000	80000
L1514	5000	30000	40000
L1515	25000	80000	100000
L1516	12000	80000	100000
L1517	20000	100000	130000
L1518	5000	60000	90000
L1519	5000	100000	125000
L1520	2000	25000	35000
L1521	26000	100000	125000
L1522	6000	25000	30000
L1523	50000	100000	125000
L1524	33000	110000	150000
L1525	5000	55000	65000
L1526	3000	30000	45000
L1527	2000	30000	40000
L1528	25000	120000	150000
L1529	29000	70000	95000
L1530	20000	40000	50000
L1531	30000	130000	170000
L1532	24000	95000	120000
L1533	3000	30000	40000
L1534	16000	60000	80000
L1535	12000	30000	40000
L1536	16000	110000	150000
L1537	3000	50000	65000
L1538	3000	50000	75000
L1539	21000	140000	170000
L1540	2000	12000	20000
L1541	5000	45000	60000
L1542	5000	40000	50000
L1543	20000	75000	95000
L1544	5000	60000	80000
L1545	12000	110000	150000
L1546	5000	60000	75000
L1547	30000	55000	70000
L1548	30000	75000	95000
L1549	5000	40000	60000
L1550	10000	75000	90000
L1551	5000	40000	50000
L1552	6000	35000	55000
L1553	10000	55000	70000
L1554	15000	90000	125000
L1555	24000	100000	125000
L1556	3000	25000	35000
L1557	36000	80000	100000
L1558	18000	80000	100000
L1559	3000	45000	55000
L1560	6000	20000	30000
L1561	3000	20000	30000
L1562	35000	55000	75000
L1563	40000	250000	300000
L1564	3000	30000	50000
L1565	3000	25000	35000
L1566	3000	55000	70000
L1567	25000	105000	135000
L1568	3000	25000	35000
L1569	20000	65000	80000
L1570	48000	85000	115000
L1571	50000	100000	120000
L1572	2000	35000	45000
L1573	10000	75000	110000
L1574	5000	65000	100000
L1575	34000	75000	100000
L1576	16000	85000	130000
L1577	12000	125000	175000
L1578	50000	155000	190000
L1579	3000	25000	30000
L1580	2000	60000	80000
L1581	23000	100000	130000
L1582	25000	75000	90000
L1583	6000	75000	100000
L1584	5000	30000	40000
L1585	13000	80000	110000
L1586	20000	75000	100000
L1587	10000	140000	200000
L1588	30000	115000	140000
L1589	9000	40000	50000
L1590	15000	85000	120000
L1591	6000	70000	90000
L1592	2000	65000	90000
L1593	50000	100000	125000
L1594	5000	35000	50000
L1595	12000	60000	80000
L1596	2000	30000	40000
L1597	2000	17000	25000
L1598	5000	50000	70000
L1599	33000	110000	150000
L1600	3000	25000	35000
L1601	3000	30000	40000
L1602	28000	55000	75000
L1603	8000	45000	70000
L1604	5000	65000	90000
L1605	3000	30000	45000
L1606	9000	35000	45000
L1607	11000	80000	100000
L1608	3000	35000	55000
L1609	5000	75000	100000
L1610	20000	100000	125000
L1611	14000	80000	100000
L1612	12000	50000	60000
L1613	5000	60000	80000
L1614	10000	80000	100000
L1615	22000	60000	75000
L1616	3000	25000	45000
L1617	26000	70000	100000
L1618	2000	17000	30000
L1619	16000	90000	130000
L1620	5000	75000	95000
L1621	2000	16000	30000
L1622	6000	70000	90000
L1623	17000	80000	100000
L1624	30000	95000	125000
L1625	2000	30000	40000
L1626	6000	40000	50000
L1627	3000	20000	30000
L1628	3000	50000	70000
L1629	25000	75000	110000
L1630	18000	160000	210000
L1631	30000	65000	85000
L1632	5000	75000	90000
L1633	5000	70000	90000
L1634	3000	25000	40000
L1635	11000	80000	100000
L1636	40000	115000	150000
L1637	10000	70000	90000
L1638	10000	42000	55000
L1639	3000	40000	70000
L1640	12000	65000	80000
L1641	18000	80000	100000
L1642	10000	65000	90000
L1643	5000	35000	60000
L1644	19000	100000	150000
L1645	27000	80000	100000
L1646	12000	40000	60000
L1647	2000	30000	50000
L1648	12000	80000	130000
L1649	36000	150000	200000
L1650	5000	50000	85000
L1651	5000	30000	45000
L1652	16000	100000	130000
L1653	2000	25000	40000
L1654	8000	16000	25000
L1655	34000	60000	80000
L1656	24000	75000	100000
L1657	5000	80000	100000
L1658	3000	30000	45000
L1659	20000	70000	90000
L1660	20000	60000	85000
L1661	5000	30000	50000
L1662	5000	35000	50000
L1663	5000	60000	75000
L1664	24000	80000	100000
L1665	3000	50000	75000
L1666	30000	85000	125000
L1667	5000	45000	60000
L1668	16000	60000	80000
L1669	10000	45000	65000
L1670	15000	40000	50000
L1671	3000	40000	55000
L1672	9000	40000	50000
L1673	33000	120000	150000
L1674	5000	90000	125000
L1675	5000	75000	100000
L1676	5000	100000	150000
L1677	5000	55000	75000
L1678	40000	120000	160000
L1679	21000	60000	80000
L1680	3000	35000	45000
L1681	2000	15000	20000
L1682	30000	125000	155000
L1683	2000	25000	35000
L1684	6000	30000	40000
L1685	25000	80000	100000
L1686	3000	15000	25000
L1687	5000	65000	80000
L1688	15000	75000	115000
L1689	20000	85000	125000
L1690	18000	100000	125000
L1691	3000	35000	50000
L1692	10000	90000	130000
L1693	2000	20000	30000
L1694	15000	80000	100000
L1695	50000	120000	150000
L1696	2000	30000	40000
L1697	18000	50000	70000
L1698	5000	40000	50000
L1699	3000	25000	32000
L1700	30000	250000	375000
L1701	2000	18000	25000
L1702	10000	65000	80000
L1703	5000	55000	75000
L1704	25000	110000	140000
L1705	3000	20000	30000
L1706	3000	50000	80000
L1707	15000	65000	80000
L1708	25000	70000	90000
L1709	5000	40000	60000
L1710	25000	125000	150000
L1711	12000	70000	90000
L1712	5000	30000	40000
L1713	22000	60000	80000
L1714	9000	20000	30000
L1715	2000	20000	30000
L1716	3000	25000	40000
L1717	3000	35000	50000
L1718	20000	80000	110000
L1719	3000	40000	55000
L1720	19000	55000	70000
L1721	5000	65000	80000
L1722	22000	100000	125000
L1723	5000	35000	45000
L1724	14000	85000	110000
L1725	3000	35000	50000
L1726	12000	50000	70000
L1727	10000	65000	80000
L1728	27000	95000	120000
L1729	60000	130000	160000
L1730	3000	35000	55000
L1731	5000	60000	75000
L1732	5000	50000	75000
L1733	5000	65000	85000
L1734	30000	140000	180000
L1735	23000	75000	100000
L1736	3000	20000	30000
L1737	25000	120000	150000
L1738	3000	25000	40000
L1739	30000	80000	100000
L1740	30000	60000	80000
L1741	3000	30000	40000
L1742	5000	65000	90000
L1743	10000	45000	70000
L1744	5000	35000	50000
L1745	20000	55000	70000
L1746	25000	60000	80000
L1747	14000	45000	60000
L1748	15000	50000	70000
L1749	10000	65000	80000
L1750	3000	20000	25000
L1751	3000	25000	33000
L1752	20000	85000	115000
L1753	5000	55000	85000
L1754	3000	30000	40000
L1755	5000	20000	30000
L1756	11000	50000	100000
L1757	3000	45000	65000
L1758	15000	65000	80000
L1759	5000	65000	80000
L1760	40000	100000	130000
L1761	10000	80000	120000
L1762	30000	90000	120000
L1763	30000	120000	150000
L1764	5000	40000	52000
L1765	36000	100000	150000
L1766	5000	40000	65000
L1767	3000	28000	38000
L1768	30000	105000	135000
L1769	3000	30000	60000
L1770	32000	140000	200000
L1771	6000	25000	40000
L1772	30000	115000	155000
L1773	20000	100000	125000
L1774	20000	60000	90000
L1775	3000	22000	30000
L1776	30000	90000	115000
L1777	5000	30000	40000
L1778	2000	40000	70000
L1779	20000	105000	145000
L1780	3000	40000	60000
L1781	15000	55000	75000
L1782	3000	35000	55000
L1783	5000	50000	70000
L1784	25000	180000	230000
L1785	50000	160000	200000
L1786	3000	25000	35000
L1787	10000	55000	70000
L1788	3000	32000	45000
L1789	25000	75000	95000
L1790	20000	55000	70000
L1791	5000	20000	30000
L1792	23000	75000	100000
L1793	2000	25000	35000
L1794	30000	80000	100000
L1795	3000	55000	75000
L1796	10000	50000	70000
L1797	36000	60000	75000
L1798	4000	35000	50000
L1799	5000	45000	60000
L1800	10000	80000	100000
L1801	14000	80000	100000
L1802	3000	30000	40000
L1803	3000	35000	50000
L1804	15000	70000	90000
L1805	13000	30000	50000
L1806	16000	90000	115000
L1807	5000	75000	100000
L1808	100000	170000	220000
L1809	3000	40000	55000
L1810	26000	100000	125000
L1811	5000	50000	65000
L1812	20000	95000	125000
L1813	5000	55000	75000
L1814	3000	30000	45000
L1815	45000	60000	80000
L1816	23000	65000	90000
L1817	10000	35000	45000
L1818	3000	30000	38000
L1819	15000	80000	100000
L1820	12000	35000	50000
L1821	5000	35000	50000
L1822	24000	55000	75000
L1823	21000	55000	70000
L1824	25000	60000	80000
L1825	5000	40000	50000
L1826	5000	40000	50000
L1827	60000	110000	130000
L1828	5000	45000	65000
L1829	30000	90000	110000
L1830	3000	65000	85000
L1831	20000	80000	100000
L1832	9000	60000	80000
L1833	2000	29000	38000
L1834	10000	45000	60000
L1835	10000	55000	70000
L1836	30000	80000	100000
L1837	45000	80000	110000
L1838	5000	60000	75000
L1839	25000	100000	125000
L1840	5000	30000	40000
L1841	3000	27000	40000
L1842	5000	30000	38000
L1843	10000	65000	85000
L1844	5000	40000	55000
L1845	15000	55000	70000
L1846	3000	40000	55000
L1847	25000	115000	145000
L1848	30000	100000	125000
L1849	6000	75000	115000
L1850	5000	50000	60000
L1851	3000	65000	90000
L1852	10000	45000	60000
L1853	15000	35000	50000
L1854	5000	35000	45000
L1855	17000	80000	110000
L1856	10000	50000	70000
L1857	2000	65000	85000
L1858	2000	80000	100000
L1859	6000	40000	60000
L1860	20000	90000	140000
L1861	30000	180000	230000
L1862	5000	20000	25000
L1863	2000	20000	30000
L1864	50000	120000	155000
L1865	15000	75000	90000
L1866	5000	45000	70000
L1867	15000	50000	65000
L1868	2000	40000	65000
L1869	20000	75000	95000
L1870	10000	53000	65000
L1871	3000	25000	35000
L1872	10000	40000	50000
L1873	17000	75000	100000
L1874	3000	30000	40000
L1875	2000	30000	50000
L1876	30000	90000	130000
L1877	5000	25000	35000
L1878	20000	80000	100000
L1879	5000	55000	70000
L1880	2000	30000	45000
L1881	10000	40000	50000
L1882	6000	25000	35000
L1883	35000	65000	85000
L1884	15000	50000	60000
L1885	2000	15000	20000
L1886	3000	20000	35000
L1887	3000	40000	60000
L1888	14000	65000	90000
L1889	5000	38000	50000
L1890	25000	150000	200000
L1891	3000	22000	30000
L1892	30000	175000	210000
L1893	5000	60000	80000
L1894	25000	100000	125000
L1895	5000	40000	50000
L1896	20000	70000	90000
L1897	30000	60000	80000
L1898	36000	120000	160000
L1899	5000	50000	75000
L1900	50000	150000	200000
L1901	5000	55000	70000
L1902	25000	110000	135000
L1903	12000	30000	40000
L1904	32000	80000	130000
L1905	3000	30000	40000
L1906	2000	30000	40000
L1907	10000	42000	55000
L1908	25000	90000	125000
L1909	22000	75000	90000
L1910	3000	20000	25000
L1911	2000	10000	20000
L1912	5000	50000	65000
L1913	3000	30000	45000
L1914	20000	110000	140000
L1915	50000	200000	250000
L1916	65000	130000	165000
L1917	3000	30000	50000
L1918	20000	80000	120000
L1919	6000	60000	80000
L1920	3000	45000	65000
L1921	12000	80000	100000
L1922	3000	50000	85000
L1923	2000	50000	90000
L1924	5000	110000	130000
L1925	3000	20000	40000
L1926	14000	40000	60000
L1927	15000	45000	60000
L1928	5000	50000	75000
L1929	30000	155000	190000
L1930	36000	150000	210000
L1931	3000	25000	35000
L1932	5000	40000	60000
L1933	3000	25000	35000
L1934	30000	140000	170000
L1935	5000	37000	45000
L1936	12000	25000	35000
L1937	3000	40000	50000
L1938	3000	30000	40000
L1939	10000	30000	37000
L1940	5000	40000	53000
L1941	20000	80000	110000
L1942	2000	20000	30000
L1943	3000	30000	40000
L1944	400	40000	50000
L1945	150000	350000	420000
L1946	3000	35000	50000
L1947	20000	60000	80000
L1948	5000	40000	50000
L1949	18000	90000	130000
L1950	10000	45000	60000
L1951	3000	40000	55000
L1952	12000	60000	80000
L1953	2000	30000	50000
L1954	25000	115000	140000
L1955	25000	80000	110000
L1956	3000	25000	35000
L1957	5000	30000	40000
L1958	3000	15000	20000
L1959	25000	100000	125000
L1960	6000	25000	35000
L1961	24000	90000	120000
L1962	2000	30000	50000
L1963	3000	45000	60000
L1964	3000	30000	45000
L1965	36000	100000	160000
L1966	3000	35000	50000
L1967	3000	35000	60000
L1968	3000	35000	50000
L1969	3000	20000	35000
L1970	36000	100000	130000
L1971	30000	100000	150000
L1972	3000	25000	50000
L1973	5000	35000	50000
L1974	30000	100000	125000
L1975	35000	70000	100000
L1976	24000	60000	80000
L1977	3000	25000	40000
L1978	11000	40000	55000
L1979	5000	70000	90000
L1980	2000	15000	25000
L1981	36000	90000	120000
L1982	12000	60000	80000
L1983	3000	30000	40000
L1984	15000	60000	80000
L1985	3000	20000	30000
L1986	26000	80000	100000
L1987	3000	55000	70000
L1988	42000	190000	220000
L1989	9000	35000	50000
L1990	3000	15000	25000
L1991	15000	33000	42000
L1992	15000	50000	65000
L1993	20000	90000	120000
L1994	3000	18000	26000
L1995	5000	45000	65000
L1996	16000	75000	100000
L1997	5000	45000	65000
L1998	35000	55000	75000
L1999	3000	15000	25000
L2000	20000	160000	210000
L2001	2000	23000	35000
L2002	25000	80000	100000
L2003	30000	55000	75000
L2004	3000	40000	70000
L2005	5000	25000	35000
L2006	5000	40000	60000
L2007	1000	8000	15000
L2008	25000	80000	110000
L2009	3000	35000	55000
L2010	50000	100000	130000
L2011	6000	35000	45000
L2012	2000	20000	40000
L2013	3000	30000	45000
L2014	9000	35000	50000
L2015	25000	120000	150000
L2016	5000	35000	44000
L2017	10000	30000	40000
L2018	30000	100000	125000
L2019	6000	60000	80000
L2020	3000	40000	60000
L2021	8000	40000	60000
L2022	3000	35000	50000
L2023	15000	55000	70000
L2024	12000	30000	40000
L2025	3000	80000	100000
L2026	3000	30000	45000
L2027	15000	60000	75000
L2028	3000	65000	80000
L2029	25000	90000	110000
L2030	5000	35000	45000
L2031	28000	120000	150000
L2032	8000	60000	75000
L2033	3000	30000	50000
L2034	25000	100000	125000
L2035	40000	130000	160000
L2036	50000	165000	230000
L2037	5000	25000	31000
L2038	2000	30000	50000
L2039	10000	70000	85000
L2040	25000	120000	170000
L2041	10000	65000	80000
L2042	5000	35000	50000
L2043	40000	90000	125000
L2044	5000	30000	40000
L2045	3000	30000	45000
L2046	25000	65000	90000
L2047	12000	30000	45000
L2048	3000	30000	50000
L2049	5000	35000	55000
L2050	3000	30000	40000
L2051	50000	100000	125000
L2052	3000	30000	40000
L2053	16000	50000	70000
L2054	5000	25000	45000
L2055	3000	20000	25000
L2056	3000	20000	35000
L2057	14000	40000	50000
L2058	40000	90000	110000
L2059	3000	20000	35000
L2060	3000	35000	55000
L2061	20000	70000	100000
L2062	10000	80000	120000
L2063	2000	25000	35000
L2064	3000	20000	35000
L2065	2000	25000	35000
L2066	10000	33000	45000
L2067	5000	60000	80000
L2068	50000	80000	100000
L2069	10000	40000	60000
L2070	5000	30000	40000
L2071	20000	50000	65000
L2072	20000	180000	230000
L2073	6000	45000	65000
L2074	45000	150000	185000
L2075	3000	40000	65000
L2076	20000	120000	200000
L2077	15000	65000	80000
L2078	3000	35000	45000
L2079	3000	20000	30000
L2080	3000	30000	45000
L2081	15000	65000	85000
L2082	3000	20000	35000
L2083	25000	70000	85000
L2084	25000	70000	85000
L2085	5000	25000	35000
L2086	40000	110000	160000
L2087	5000	50000	80000
L2088	25000	135000	175000
L2089	10000	47000	60000
L2090	5000	25000	40000
L2091	5000	80000	100000
L2092	3000	25000	40000
L2093	5000	20000	35000
L2094	70000	110000	140000
L2095	9000	35000	50000
L2096	20000	65000	95000
L2097	3000	40000	60000
L2098	15000	70000	85000
L2099	2000	25000	45000
L2100	5000	45000	55000
L2101	25000	125000	155000
L2102	3000	30000	45000
L2103	5000	35000	50000
L2104	3000	25000	40000
L2105	20000	60000	75000
L2106	15000	65000	80000
L2107	20000	80000	100000
L2108	3000	30000	45000
L2109	15000	45000	60000
L2110	15000	60000	85000
L2111	5000	22000	28000
L2112	10000	50000	62000
L2113	16000	100000	130000
L2114	5000	35000	50000
L2115	3000	30000	40000
L2116	30000	120000	150000
L2117	36000	60000	90000
L2118	3000	30000	40000
L2119	3000	20000	30000
L2120	5000	45000	65000
L2121	3000	20000	30000
L2122	15000	65000	80000
L2123	5000	50000	85000
L2124	20000	120000	150000
L2125	12000	45000	65000
L2126	20000	60000	75000
L2127	16000	80000	100000
L2128	2000	30000	40000
L2129	20000	60000	75000
L2130	10000	40000	50000
L2131	15000	70000	90000
L2132	16000	130000	180000
L2133	3000	24000	30000
L2134	30000	185000	225000
L2135	3000	30000	50000
L2136	40000	105000	135000
L2137	16000	120000	160000
L2138	3000	25000	40000
L2139	3000	30000	40000
L2140	36000	120000	160000
L2141	3000	25000	40000
L2142	2000	40000	60000
L2143	30000	100000	125000
L2144	8000	70000	100000
L2145	30000	90000	110000
L2146	2000	30000	45000
L2147	3000	20000	30000
L2148	10000	55000	70000
L2149	10000	50000	65000
L2150	60000	150000	180000
L2151	2000	20000	30000
L2152	25000	70000	90000
L2153	2000	40000	50000
L2154	40000	105000	125000
L2155	35000	80000	100000
L2156	40000	70000	100000
L2157	5000	30000	40000
L2158	20000	55000	70000
L2159	3000	30000	40000
L2160	10000	45000	60000
L2161	4000	70000	95000
L2162	3000	35000	45000
L2163	2000	15000	25000
L2164	10000	45000	65000
L2165	20000	100000	125000
L2166	16000	150000	220000
L2167	2000	20000	30000
L2168	3000	22000	30000
L2169	18000	115000	175000
L2170	20000	70000	90000
L2171	2000	50000	65000
L2172	36000	115000	145000
L2173	15000	75000	90000
L2174	2000	30000	50000
L2175	40000	130000	160000
L2176	25000	120000	145000
L2177	4000	55000	75000
L2178	6000	35000	45000
L2179	15000	75000	115000
L2180	25000	85000	115000
L2181	25000	80000	100000
L2182	3000	25000	40000
L2183	3000	45000	60000
L2184	12000	50000	70000
L2185	17000	80000	100000
L2186	5000	45000	65000
L2187	10000	45000	60000
L2188	36000	130000	160000
L2189	15000	55000	85000
L2190	3000	35000	45000
L2191	8000	100000	140000
L2192	3000	30000	50000
L2193	40000	100000	125000
L2194	5000	57000	70000
L2195	2000	30000	45000
L2196	9000	60000	80000
L2197	5000	35000	45000
L2198	30000	110000	140000
L2199	2000	30000	40000
L2200	3000	40000	60000
L2201	3000	20000	30000
L2202	36000	150000	200000
L2203	30000	140000	180000
L2204	5000	55000	80000
L2205	3000	40000	60000
L2206	10000	38000	48000
L2207	3000	45000	55000
L2208	14000	55000	75000
L2209	3000	43000	53000
L2210	10000	50000	65000
L2211	16000	90000	110000
L2212	3000	55000	75000
L2213	10000	40000	50000
L2214	20000	110000	140000
L2215	30000	110000	140000
L2216	5000	25000	35000
L2217	16000	80000	100000
L2218	30000	140000	175000
L2219	5000	35000	50000
L2220	15000	80000	100000
L2221	3000	90000	115000
L2222	30000	110000	135000
L2223	30000	120000	160000
L2224	5000	45000	60000
L2225	2000	30000	50000
L2226	6000	120000	150000
L2227	16000	110000	140000
L2228	2000	25000	35000
L2229	5000	60000	80000
L2230	40000	110000	145000
L2231	3000	150000	200000
L2232	5000	65000	80000
L2233	13000	55000	75000
L2234	6000	35000	45000
L2235	15000	40000	50000
L2236	50000	90000	120000
L2237	5000	35000	45000
L2238	6000	45000	60000
L2239	20000	80000	100000
L2240	5000	27000	35000
L2241	15000	75000	100000
L2242	25000	80000	100000
L2243	3000	35000	60000
L2244	9000	50000	80000
L2245	15000	75000	95000
L2246	3000	35000	45000
L2247	3000	25000	35000
L2248	6000	75000	90000
L2249	2000	20000	25000
L2250	24000	140000	170000
L2251	30000	120000	150000
L2252	3000	20000	30000
L2253	5000	50000	60000
L2254	40000	110000	140000
L2255	5000	20000	30000
L2256	32000	100000	130000
L2257	3000	40000	70000
L2258	16000	80000	120000
L2259	45000	120000	175000
L2260	12000	50000	65000
L2261	2000	30000	40000
L2262	15000	70000	85000
L2263	25000	150000	200000
L2264	3000	45000	65000
L2265	20000	180000	220000
L2266	2000	25000	35000
L2267	25000	170000	210000
L2268	3000	60000	80000
L2269	30000	150000	185000
L2270	10000	40000	50000
L2271	8000	35000	45000
L2272	36000	150000	190000
L2273	4000	33000	40000
L2274	6000	65000	90000
L2275	5000	45000	60000
L2276	5000	85000	115000
L2277	16000	80000	100000
L2278	36000	105000	135000
L2279	3000	45000	60000
L2280	3000	25000	35000
L2281	5000	50000	70000
L2282	2000	20000	25000
L2283	15000	45000	60000
L2284	30000	130000	170000
L2285	5000	35000	45000
L2286	3000	35000	50000
L2287	25000	80000	110000
L2288	10000	50000	65000
L2289	60000	140000	180000
L2290	2000	35000	45000
L2291	3000	60000	80000
L2292	40000	100000	130000
L2293	25000	65000	85000
L2294	3000	45000	55000
L2295	36000	135000	165000
L2296	25000	75000	95000
L2297	5000	30000	40000
L2298	3000	35000	50000
L2299	40000	180000	210000
L2300	3000	40000	60000
L2301	20000	135000	165000
L2302	3000	25000	35000
L2303	16000	100000	130000
L2304	40000	145000	185000
L2305	25000	85000	110000
L2306	2000	30000	40000
L2307	5000	50000	70000
L2308	35000	100000	130000
L2309	15000	100000	125000
L2310	10000	65000	85000
L2311	15	80000	100000
L2312	15000	60000	75000
L2313	2000	30000	40000
L2314	36000	130000	160000
L2315	15000	90000	120000
L2316	10000	85000	105000
L2317	35000	115000	145000
L2318	5000	45000	70000
L2319	15000	100000	140000
L2320	3000	40000	50000
L2321	3000	30000	40000
L2322	2000	30000	40000
L2323	30000	105000	130000
L2324	10000	100000	125000
L2325	10000	90000	110000
L2326	2000	40000	55000
L2327	5000	35000	50000
L2328	20000	100000	120000
L2329	2000	30000	45000
L2330	2500	15000	20000
L2331	16000	150000	180000
L2332	10000	60000	75000
L2333	2500	30000	40000
L2334	15000	60000	75000
L2335	30000	130000	160000
L2336	4000	42000	52000
L2337	20000	45000	70000
L2338	15000	65000	85000
L2339	3000	25000	35000
L2340	30000	90000	110000
L2341	20000	100000	130000
L2342	6000	35000	45000
L2343	10000	75000	95000
L2344	25000	120000	150000
L2345	3000	27000	33000
L2346	8000	80000	100000
L2347	20000	65000	85000
L2348	5000	35000	45000
L2349	5000	25000	35000
L2350	5000	50000	65000
L2351	5000	27000	35000
L2352	20000	110000	135000
L2353	30000	100000	125000
L2354	2000	20000	25000
L2355	2000	25000	35000
L2356	6000	40000	60000
L2357	30000	95000	120000
L2358	3000	30000	40000
L2359	5000	35000	45000
L2360	50000	110000	140000
L2361	15000	80000	100000
L2362	30000	100000	120000
L2363	2000	30000	45000
L2364	15000	105000	130000
L2365	20000	40000	55000
L2366	4000	25000	40000
L2367	2000	35000	45000
L2368	30000	100000	125000
L2369	5000	30000	55000
L2370	30000	110000	140000
L2371	15000	60000	75000
L2372	2000	20000	25000
L2373	5000	45000	60000
L2374	25000	65000	80000
L2375	5000	40000	60000
L2376	20000	70000	100000
L2377	5000	50000	65000
L2378	10000	55000	70000
L2379	7000	45000	60000
L2380	25000	105000	135000
L2381	10000	70000	100000
L2382	8000	30000	40000
L2383	5000	45000	60000
L2384	30000	100000	130000
L2385	12000	70000	90000
L2386	10000	80000	100000
L2387	5000	35000	45000
L2388	20000	125000	155000
L2389	10000	50000	70000
L2390	5000	30000	40000
L2391	5000	25000	30000
L2392	20000	120000	150000
L2393	5000	25000	35000
L2394	10000	50000	70000
L2395	20000	75000	92000
L2396	50000	115000	145000
L2397	5000	40000	50000
L2398	10000	35000	45000
L2399	8000	35000	50000
L2400	40000	85000	110000
L2401	10000	110000	140000
L2402	5000	40000	50000
L2403	5000	30000	40000
L2404	5000	60000	75000
L2405	25000	60000	75000
L2406	12000	61000	90000
L2407	4000	35000	50000
L2408	5000	30000	50000
L2409	10000	95000	120000
L2410	5000	30000	45000
L2411	2000	25000	38000
L2412	40000	105000	130000
L2413	5000	35000	45000
L2414	5000	40000	50000
L2415	15000	50000	65000
L2416	20000	190000	220000
L2417	5000	20000	60000
L2418	4000	25000	45000
L2419	25000	95000	115000
L2420	5000	25000	40000
L2421	35000	140000	180000
L2422	5000	60000	90000
L2423	2000	30000	40000
L2424	5000	25000	40000
L2425	20000	55000	70000
L2426	2000	20000	30000
L2427	2000	40000	80000
L2428	35000	120000	160000
L2429	2000	35000	45000
L2430	2000	35000	50000
L2431	2000	55000	70000
L2432	15000	75000	95000
L2433	20000	150000	200000
L2434	15000	60000	75000
L2435	10000	45000	60000
L2436	10000	65000	80000
L2437	10000	90000	110000
L2438	2000	35000	45000
L2439	4000	30000	35000
L2440	10000	70000	85000
L2441	4000	21000	30000
L2442	5000	40000	55000
L2443	20000	100000	130000
L2444	3000	32000	40000
L2445	20000	180000	220000
L2446	5000	50000	60000
L2447	5000	40000	50000
L2448	30000	95000	120000
L2449	40000	110000	140000
L2450	3000	30000	45000
L2451	30000	90000	110000
L2452	50000	165000	200000
L2453	5000	95000	115000
L2454	5000	25000	40000
L2455	20000	90000	110000
L2456	5000	60000	75000
L2457	5000	55000	75000
L2458	5000	70000	95000
L2459	2000	45000	55000
L2460	10000	75000	95000
L2461	36000	190000	230000
L2462	5000	35000	50000
L2463	5000	50000	70000
L2464	50000	125000	145000
L2465	5000	25000	35000
L2466	12000	70000	100000
L2467	35000	120000	145000
L2468	25000	80000	100000
L2469	36000	200000	260000
L2470	5000	55000	75000
L2471	5000	55000	70000
L2472	4000	60000	75000
L2473	35000	150000	190000
L2474	3000	16000	23000
L2475	30000	90000	115000
L2476	3000	45000	60000
L2477	3000	20000	30000
L2478	3000	45000	60000
L2479	15000	50000	70000
L2480	5000	40000	60000
L2481	15000	170000	190000
L2482	20000	160000	190000
L2483	5000	40000	50000
L2484	5000	65000	85000
L2485	25000	190000	250000
L2486	15000	55000	65000
L2487	40000	240000	290000
L2488	30000	150000	180000
L2489	3000	28000	38000
L2490	4000	35000	45000
L2491	28000	170000	200000
L2492	3000	30000	45000
L2493	2000	30000	40000
L2494	4000	45000	55000
L2495	15000	75000	90000
L2496	2000	20000	30000
L2497	4000	35000	45000
L2498	5000	50000	65000
L2499	3000	45000	60000
L2500	5000	150000	250000
L2501	2000	35000	50000
L2502	8000	30000	40000
L2503	30000	130000	155000
L2504	2000	35000	55000
L2505	2000	35000	55000
L2506	2000	150000	175000
L2507	5000	40000	65000
L2508	10000	60000	80000
L2509	5000	55000	70000
L2510	10000	90000	120000
L2511	5000	40000	55000
L2512	2000	45000	65000
L2513	2000	30000	40000
L2514	2000	40000	65000
L2515	30000	140000	170000
L2516	2000	30000	40000
L2517	10000	80000	100000
L2518	5000	40000	60000
L2519	2000	35000	55000
L2520	3000	45000	65000
L2521	10000	110000	140000
L2522	3000	40000	70000
L2523	5000	25000	35000
L2524	20000	150000	185000
L2525	2000	45000	60000
L2526	10000	80000	100000
L2527	10000	100000	130000
L2528	15000	125000	155000
L2529	15000	70000	95000
L2530	5000	35000	45000
L2531	10000	70000	90000
L2532	20000	120000	155000
L2533	100000	350000	500000
L2534	2000	50000	70000
L2535	10000	75000	88000
L2536	4000	35000	45000
L2537	2000	25000	35000
L2538	3000	60000	75000
L2539	10000	120000	145000
L2540	5000	80000	100000
L2541	5000	50000	65000
L2542	2000	25000	35000
L2543	20000	160000	190000
L2544	5000	55000	75000
L2545	2000	40000	50000
L2546	3000	45000	55000
L2547	2000	35000	45000
L2548	8000	90000	110000
L2549	5000	110000	150000
L2550	5000	70000	100000
L2551	5000	35000	45000
L2552	2000	25000	40000
L2553	5000	55000	65000
L2554	30000	110000	140000
L2555	2000	30000	40000
L2556	50000	160000	190000
L2557	3000	40000	55000
L2558	5000	50000	60000
L2559	5000	40000	65000
L2560	10000	90000	110000
L2561	2000	35000	45000
L2562	15000	75000	95000
L2563	5000	30000	40000
L2564	5000	65000	80000
L2565	30000	110000	130000
