L   1	[[4,4]]
L   2	[[4,4]]
L   3	[[4,4]]
L   4	[[4,4]]
L   5	[[4,4]]
L   6	[[4,4]]
L   7	[[4,4]]
L   8	[[4,4]]
L   9	[[4,4],[13,7],[22,7]]
L  10	[[4,4]]
L  11	[[4,4],[4,5],[4,6],[4,7],[4,8],[4,9],[4,10],[4,11],[4,12],[4,13],[4,14],[4,15],[4,16],[4,17],[4,18],[4,19]]
L  12	[[4,4]]
L  13	[[4,4]]
L  14	[[4,4]]
L  15	[[4,14],[4,13],[4,12],[4,11],[4,10],[4,9],[4,8],[4,7],[4,6],[4,5],[4,4]]
L  16	[[4,4]]
L  17	[[4,46],[4,36],[4,26],[4,15],[4,4]]
L  18	[[4,4]]
L  19	[[4,22],[4,21],[4,20],[4,19],[4,18],[4,17],[4,16],[4,15],[4,14],[4,13],[4,12],[4,11],[4,10],[4,9],[4,8],[4,7],[4,6],[4,5],[4,4]]
L  20	[[4,4]]
L  21	[[4,4]]
L  22	[[5,14],[5,13],[5,12],[5,11],[5,10],[5,9],[5,8],[5,7],[5,6],[5,5],[5,4]]
L  23	[[4,4]]
L  24	[[4,4]]
L  25	[[4,4]]
L  26	[[4,26],[4,15],[4,4]]
L  27	[[4,4]]
L  28	[[4,4]]
L  29	[[11,16],[11,15],[11,14],[11,13],[11,12],[11,11],[11,10],[11,9],[11,8],[11,7],[11,6],[3,8],[3,7],[3,6],[3,5],[3,4]]
L  30	[[4,4]]
L  31	[[4,4]]
L  32	[]
L  33	[[4,4]]
L  34	[[4,4],[4,5],[4,6],[4,7],[4,8],[4,9],[4,10],[4,11],[4,12],[4,13],[4,14],[4,15],[4,16],[4,17],[4,18],[4,19],[4,21],[4,22]]
L  35	[[4,4]]
L  36	[[4,4]]
L  37	[[4,4],[4,9],[4,14]]
L  38	[[4,4]]
L  39	[[4,4]]
L  40	[[4,4]]
L  41	[[4,4]]
L  42	[[4,4]]
L  43	[[4,4]]
L  44	[[4,4]]
L  45	[[4,4]]
L  46	[[4,4]]
L  47	[[4,4]]
L  48	[[4,4]]
L  49	[[4,14],[4,13],[4,12],[4,11],[4,10],[4,9],[4,8],[4,7],[4,6],[4,5],[4,4]]
L  50	[[4,4]]
L  51	[[4,4]]
L  52	[[4,4]]
L  53	[[4,4]]
L  54	[[4,4]]
L  55	[[4,13],[4,12],[4,11],[4,10],[4,9],[4,8],[4,7],[4,6],[4,5],[4,4]]
L  56	[[4,4]]
L  57	[[4,4]]
L  58	[[4,4]]
L  59	[]
L  60	[[4,4]]
L  61	[[4,4]]
L  62	[[4,4]]
L  63	[[4,4]]
L  64	[[4,4]]
L  65	[[4,12],[4,10],[4,8],[4,6],[4,4]]
L  66	[[4,4]]
L  67	[[4,4]]
L  68	[[4,4]]
L  69	[[4,4],[14,4],[9,19]]
L  70	[[4,4]]
L  71	[[4,4]]
L  72	[[4,4],[5,4],[6,4],[7,4],[8,4],[9,4],[10,4],[10,5],[10,6],[9,6],[8,6],[7,6],[6,6],[5,6],[4,6]]
L  73	[[4,4]]
L  74	[[4,4]]
L  75	[]
L  76	[[4,4],[4,8],[4,12],[4,16]]
L  77	[[4,4]]
L  78	[[4,4],[4,13],[4,22]]
L  79	[[4,4]]
L  80	[[4,4]]
L  81	[[4,4],[4,5],[4,6],[4,7],[4,8],[4,9],[4,10],[4,11],[4,12],[4,13],[4,14],[4,15],[4,16],[4,17],[4,18],[4,19],[4,20],[4,21],[4,22],[4,23],[4,24]]
L  82	[[4,4]]
L  83	[[4,4]]
L  84	[[4,4]]
L  85	[[4,4]]
L  86	[[4,4]]
L  87	[[4,4]]
L  88	[[4,4],[4,13],[4,22]]
L  89	[[4,4]]
L  90	[[5,4],[5,8],[5,12],[5,16],[5,20]]
L  91	[[4,4]]
L  92	[[4,4]]
L  93	[[4,4]]
L  94	[[4,17],[4,16],[4,15],[4,14],[4,8],[4,5]]
L  95	[[4,4]]
L  96	[[4,4],[14,4],[24,4]]
L  97	[[4,4]]
L  98	[[4,4]]
L  99	[[4,4]]
L 100	[[4,4],[4,9]]
L 101	[[4,4]]
L 102	[[13,4],[22,13],[13,22],[4,13],[13,13]]
L 103	[[4,4]]
L 104	[[4,4],[4,12],[4,17],[4,26]]
L 105	[[4,4]]
L 106	[[4,4]]
L 107	[[4,4]]
L 108	[[4,4]]
L 109	[[4,4]]
L 110	[[4,4],[4,7],[4,10]]
L 111	[[4,4]]
L 112	[[4,4],[4,5],[4,6],[4,7],[4,8],[4,9],[4,10],[4,11],[4,12],[4,13],[4,14],[4,15],[4,16]]
L 113	[[4,4]]
L 114	[[4,4]]
L 115	[[4,4]]
L 116	[[4,4],[4,7],[4,14],[4,22],[4,31]]
L 117	[[4,4],[4,5],[4,6],[4,7],[4,8],[4,9],[4,10],[4,11],[4,12],[4,13],[4,14],[4,15],[4,16],[4,17],[4,18],[4,19],[4,20],[4,21],[4,22],[4,23]]
L 118	[[4,4]]
L 119	[[4,4]]
L 120	[]
L 121	[[4,4]]
L 122	[[4,4]]
L 123	[[4,4]]
L 124	[[4,4],[4,5],[4,6],[4,7],[4,8],[4,9],[4,10],[4,11],[4,12],[4,13],[4,14],[4,15],[4,16],[4,17],[4,18],[4,19],[4,20],[4,21],[4,22],[4,23]]
L 125	[[4,4]]
L 126	[[4,4]]
L 127	[[4,4],[7,14],[4,24]]
L 128	[[4,4]]
L 129	[[4,4]]
L 130	[[4,4],[4,13]]
L 131	[[4,4]]
L 132	[[4,4]]
L 133	[[4,4]]
L 134	[[4,4],[4,5],[4,6],[4,7],[4,8],[4,9],[4,10],[4,11],[4,12],[4,13],[4,14],[4,15],[4,16],[4,17],[4,18],[4,19],[4,20],[4,21],[4,22],[4,23],[4,24]]
L 135	[[5,4]]
L 136	[[4,4]]
L 137	[[4,4],[4,13],[4,22]]
L 138	[[4,4]]
L 139	[[4,4]]
L 140	[[4,4]]
L 141	[[4,4]]
L 142	[[4,4]]
L 143	[[4,4]]
L 144	[[4,4]]
L 145	[[4,4]]
L 146	[[4,11],[4,10],[4,9],[4,8],[4,7],[4,6],[4,5],[4,4]]
L 147	[[4,4]]
L 148	[[4,4]]
L 149	[[4,4]]
L 150	[[4,4],[4,5],[4,6],[4,7],[4,8],[4,9],[4,10],[4,11],[4,12],[4,13],[4,14]]
L 151	[[4,4]]
L 152	[[4,4]]
L 153	[[4,4]]
L 154	[[4,4]]
L 155	[[4,4],[4,7],[4,10],[4,13],[4,16],[4,19],[4,22]]
L 156	[[4,4]]
L 157	[[4,4]]
L 158	[[4,4]]
L 159	[[4,4],[4,15],[4,25]]
L 160	[[4,4]]
L 161	[[4,4]]
L 162	[[4,4],[4,13]]
L 163	[[4,4],[4,5],[4,6],[4,7],[4,8],[4,9],[4,10],[4,11]]
L 164	[[4,4]]
L 165	[[4,4]]
L 166	[[4,4]]
L 167	[[4,4]]
L 168	[[4,15],[4,14],[4,13],[4,12],[4,11],[4,10],[4,9],[4,8],[4,7],[4,6],[4,5],[4,4]]
L 169	[[4,4]]
L 170	[[4,4]]
L 171	[[4,4]]
L 172	[[4,4]]
L 173	[[4,4]]
L 174	[[4,4]]
L 175	[[4,4],[14,4],[17,15],[8,15]]
L 176	[[4,4]]
L 177	[[4,4]]
L 178	[[4,5],[9,5],[14,5]]
L 179	[[4,4]]
L 180	[[4,4]]
L 181	[[4,4]]
L 182	[[4,4]]
L 183	[[4,4]]
L 184	[[4,4]]
L 185	[[4,4]]
L 186	[[4,4]]
L 187	[[4,4]]
L 188	[[4,4],[4,12],[4,20]]
L 189	[[4,4]]
L 190	[[4,4]]
L 191	[[4,4]]
L 192	[[4,4],[5,15],[13,15]]
L 193	[[4,4]]
L 194	[[4,4]]
L 195	[[4,4]]
L 196	[[4,4]]
L 197	[[4,4]]
L 198	[[4,4],[4,7]]
L 199	[[4,4]]
L 200	[[4,33],[4,32],[4,31],[4,30],[4,29],[4,28],[4,16],[4,4]]
L 201	[[4,4]]
L 202	[[4,4]]
L 203	[[4,4]]
L 204	[[4,4],[4,5],[4,6],[4,7],[4,8],[4,9],[4,10],[4,11],[4,12],[4,13],[4,14],[4,15],[4,16]]
L 205	[[4,4]]
L 206	[[4,4]]
L 207	[[4,4]]
L 208	[[4,4]]
L 209	[[4,4]]
L 210	[[4,4]]
L 211	[[4,4]]
L 212	[[4,4]]
L 213	[[4,4]]
L 214	[[4,4]]
L 215	[[4,4]]
L 216	[[4,4]]
L 217	[[4,4],[4,13]]
L 218	[[4,4]]
L 219	[[4,4]]
L 220	[[4,4]]
L 221	[[4,4]]
L 222	[[4,4]]
L 223	[[4,4]]
L 224	[[4,4]]
L 225	[[4,4]]
L 226	[[4,4]]
L 227	[[4,4]]
L 228	[[4,4]]
L 229	[[4,4]]
L 230	[[4,4]]
L 231	[[4,12],[4,11],[4,10],[4,9],[4,8],[4,7],[4,6],[4,5],[4,4]]
L 232	[[4,4]]
L 233	[[4,4]]
L 234	[[4,4]]
L 235	[[4,4]]
L 236	[[14,14],[14,13],[14,12],[14,11],[14,10],[14,9],[14,8],[14,7],[14,6],[14,5],[14,4],[4,4],[5,4],[6,4],[7,4],[8,4],[24,4],[23,4],[22,4],[21,4],[20,4]]
L 237	[[4,4]]
L 238	[[4,4]]
L 239	[[4,4]]
L 240	[[4,4],[4,8]]
L 241	[[4,4]]
L 242	[[4,4]]
L 243	[[4,24],[4,23],[4,22],[4,21],[4,20],[4,19],[4,18],[4,17],[4,16],[4,15],[4,14],[4,13],[4,12],[4,11],[4,10],[4,9],[4,8],[4,7],[4,6],[4,5],[4,4]]
L 244	[[4,4]]
L 245	[[4,4]]
L 246	[[4,4]]
L 247	[[4,4]]
L 248	[[4,4]]
L 249	[[4,4]]
L 250	[[30,20],[17,12],[4,4]]
L 251	[[4,4]]
L 252	[[4,4]]
L 253	[[4,4]]
L 254	[[4,4]]
L 255	[[4,4]]
L 256	[[4,4]]
L 257	[[4,4]]
L 258	[[4,4]]
L 259	[[4,4]]
L 260	[[4,4]]
L 261	[[4,4]]
L 262	[[4,4]]
L 263	[[4,4]]
L 264	[[4,4]]
L 265	[[4,4]]
L 266	[[4,4]]
L 267	[[4,4]]
L 268	[[4,4]]
L 269	[[4,4]]
L 270	[[4,4]]
L 271	[[4,4]]
L 272	[[4,4]]
L 273	[[4,22],[4,14],[4,5],[4,4]]
L 274	[[4,4]]
L 275	[[4,4]]
L 276	[[4,4]]
L 277	[[4,4]]
L 278	[[4,4]]
L 279	[[4,4]]
L 280	[[4,4]]
L 281	[[4,23],[4,22],[4,21],[4,20],[4,19],[4,18],[4,17],[4,16],[4,15],[4,14],[4,13],[4,12],[4,11],[4,10],[4,9],[4,8],[4,7],[4,6],[4,5],[4,4]]
L 282	[[4,4],[4,15]]
L 283	[[4,4]]
L 284	[[4,4]]
L 285	[[4,4],[13,4],[13,13],[4,13]]
L 286	[[4,4]]
L 287	[[4,4]]
L 288	[[4,4]]
L 289	[[4,4]]
L 290	[[4,4]]
L 291	[[4,4]]
L 292	[[4,4]]
L 293	[[4,4]]
L 294	[[4,4]]
L 295	[[4,4],[4,13]]
L 296	[[4,4]]
L 297	[[4,4]]
L 298	[[4,6],[4,16],[16,17],[27,14],[20,5],[20,4]]
L 299	[[4,4]]
L 300	[[4,4]]
L 301	[[4,4]]
L 302	[[4,4]]
L 303	[[4,4],[15,4],[15,13]]
L 304	[[4,4]]
L 305	[[4,4],[4,5],[4,6],[4,7],[4,8],[4,9],[4,10],[4,11],[4,12],[4,13],[4,14],[4,15],[4,16],[4,17],[4,18],[4,19],[4,20],[4,21],[4,22],[4,23],[4,24],[4,25]]
L 306	[[4,4]]
L 307	[[4,4]]
L 308	[[4,4]]
L 309	[[4,4]]
L 310	[[4,4]]
L 311	[[4,18],[18,18],[18,4],[4,5],[4,4]]
L 312	[[4,4]]
L 313	[[4,4]]
L 314	[[4,4],[4,14]]
L 315	[[4,4]]
L 316	[[4,4]]
L 317	[[4,4]]
L 318	[[4,22],[4,21],[4,20],[4,16],[4,15],[4,14],[4,13],[4,12],[4,11],[4,10],[4,9],[4,8],[4,7],[4,6],[4,5],[4,4]]
L 319	[[4,4]]
L 320	[[4,4]]
L 321	[[4,4]]
L 322	[[4,4]]
L 323	[[14,3],[14,12],[14,13],[13,13],[12,13],[11,13],[10,13],[9,13],[8,13],[7,13],[6,13],[5,13],[4,13],[4,12],[4,11],[4,10],[4,9],[4,8],[4,7],[4,6],[4,5],[4,4]]
L 324	[[4,4],[4,14]]
L 325	[[4,4]]
L 326	[[4,4]]
L 327	[[4,4]]
L 328	[[4,4],[4,5],[4,6],[4,7],[4,8],[4,9],[4,10],[4,11],[4,12],[4,13],[4,14]]
L 329	[[4,4]]
L 330	[[4,4],[4,7],[4,10],[4,13]]
L 331	[[4,4]]
L 332	[[4,4]]
L 333	[[4,4]]
L 334	[[4,4],[4,14]]
L 335	[[4,4]]
L 336	[[4,4]]
L 337	[[4,4]]
L 338	[[4,4]]
L 339	[[4,4]]
L 340	[[4,4]]
L 341	[[12,13],[4,4]]
L 342	[[4,4]]
L 343	[[4,4]]
L 344	[[4,4]]
L 345	[[4,4]]
L 346	[[4,4]]
L 347	[[4,13],[4,9],[4,4]]
L 348	[[4,4]]
L 349	[[4,4],[7,4],[10,4],[13,4]]
L 350	[[4,4]]
L 351	[[4,4]]
L 352	[[4,4],[4,5],[4,6],[4,7],[4,8],[4,9],[4,10],[4,11],[4,12],[4,13],[4,14],[4,15],[4,16],[4,17]]
L 353	[[4,4]]
L 354	[[4,4]]
L 355	[[4,4]]
L 356	[[4,4]]
L 357	[[4,4]]
L 358	[[4,4],[4,14]]
L 359	[[4,4]]
L 360	[[4,17],[4,16],[4,15],[4,14],[4,13],[4,12],[4,11],[4,10],[4,9],[4,8],[4,7],[4,6],[4,5],[4,4]]
L 361	[[1,4],[1,13],[1,22]]
L 362	[[4,4]]
L 363	[[4,4]]
L 364	[[4,4]]
L 365	[[4,4]]
L 366	[[4,4]]
L 367	[[4,4],[4,14]]
L 368	[[4,4]]
L 369	[[4,4]]
L 370	[[4,4]]
L 371	[[4,4]]
L 372	[[4,13],[4,11],[4,8],[4,6],[4,4]]
L 373	[[4,4]]
L 374	[[4,4]]
L 375	[[4,4],[13,4],[13,13],[4,13]]
L 376	[[4,4]]
L 377	[[4,4]]
L 378	[[4,4]]
L 379	[[4,4],[4,14]]
L 380	[[4,4]]
L 381	[[4,4],[4,5],[4,6],[4,7],[4,8],[4,9],[4,10],[4,11],[4,12],[4,13],[4,14],[4,15],[4,16],[4,17],[4,18],[4,19],[4,20],[4,21],[4,22]]
L 382	[[4,4]]
L 383	[[4,4]]
L 384	[[4,4]]
L 385	[[4,4],[4,13],[4,22]]
L 386	[[4,4]]
L 387	[[4,4]]
L 388	[[4,4],[4,14]]
L 389	[[4,4]]
L 390	[[4,4],[4,5],[4,6],[4,7],[4,8]]
L 391	[[4,4],[4,5],[4,6],[4,7],[4,8],[4,9],[4,10],[4,11],[4,12],[4,13],[4,20],[4,19]]
L 392	[[4,4]]
L 393	[[4,4],[14,4]]
L 394	[[4,4]]
L 395	[[4,4]]
L 396	[[4,4]]
L 397	[[4,4]]
L 398	[[4,1],[5,1],[6,1],[7,1],[8,1],[9,1],[10,1],[11,1],[12,1],[13,1],[13,2],[13,3],[13,4],[13,5],[13,10],[13,11],[24,13],[24,12],[24,11],[24,10],[24,9],[24,8],[24,7],[24,6],[24,5],[24,4]]
L 399	[[4,4]]
L 400	[[4,4],[4,13]]
L 401	[[4,13],[4,8],[4,4]]
L 402	[[14,4],[24,4]]
L 403	[[4,4]]
L 404	[[4,4],[4,14]]
L 405	[[4,4],[16,4],[16,5],[16,6],[16,7],[16,8],[16,9],[16,10],[16,11],[16,12],[16,13],[16,14],[16,15],[16,16],[16,17],[16,18],[16,19],[16,20],[16,21],[16,22],[16,23],[16,24],[16,25],[16,26],[16,27],[16,28],[4,28],[4,27],[4,26],[4,25],[4,24],[4,23],[4,22],[4,21],[4,20],[4,19],[4,18],[4,17],[4,16]]
L 406	[[4,4]]
L 407	[[4,4],[14,4]]
L 408	[[4,4],[4,13]]
L 409	[[4,4]]
L 410	[[4,4]]
L 411	[[4,4]]
L 412	[[4,4]]
L 413	[[4,4]]
L 414	[[4,4],[4,13]]
L 415	[[4,4]]
L 416	[[4,14],[4,4]]
L 417	[[4,4]]
L 418	[[4,4]]
L 419	[[4,4]]
L 420	[[4,4],[4,12],[4,20]]
L 421	[[4,4]]
L 422	[[4,4]]
L 423	[[4,4],[13,14]]
L 424	[[4,4]]
L 425	[[4,4],[13,4],[10,9]]
L 426	[[4,4]]
L 427	[[4,13],[4,8],[4,4]]
L 428	[[4,4]]
L 429	[[4,4]]
L 430	[[4,40],[4,28],[4,16],[4,12],[4,6],[4,5],[4,4]]
L 431	[[4,4]]
L 432	[[4,4]]
L 433	[[4,4]]
L 434	[[4,4],[4,13]]
L 435	[[4,4]]
L 436	[[4,14],[4,4]]
L 437	[[4,4]]
L 438	[[4,4]]
L 439	[[4,4],[4,13]]
L 440	[[4,4]]
L 441	[[4,4]]
L 442	[[4,4],[4,13]]
L 443	[[4,4]]
L 444	[[4,4]]
L 445	[[4,4]]
L 446	[[4,4]]
L 447	[[4,4]]
L 448	[[4,14],[4,4]]
L 449	[[4,4]]
L 450	[[4,4],[4,13],[4,22]]
L 451	[[4,4]]
L 452	[[4,14],[4,4]]
L 453	[[4,4]]
L 454	[[4,4],[4,13]]
L 455	[[4,4],[4,12]]
L 456	[[4,13],[4,9],[4,4]]
L 457	[[4,4]]
L 458	[[4,4]]
L 459	[[4,4]]
L 460	[[4,4]]
L 461	[[4,4]]
L 462	[[4,4]]
L 463	[[4,4]]
L 464	[[4,4]]
L 465	[[4,4]]
L 466	[[4,4]]
L 467	[[4,4]]
L 468	[[4,4]]
L 469	[[4,4],[14,4]]
L 470	[[4,4],[4,13]]
L 471	[[4,4]]
L 472	[[4,4],[4,14]]
L 473	[[4,4]]
L 474	[[4,14],[4,4]]
L 475	[[4,4]]
L 476	[[4,4],[4,14]]
L 477	[[4,4]]
L 478	[[4,18],[4,16],[4,13],[4,10],[4,7],[4,4]]
L 479	[[4,4]]
L 480	[[4,4]]
L 481	[[4,4]]
L 482	[[4,4]]
L 483	[[4,4]]
L 484	[[4,4]]
L 485	[[4,4]]
L 486	[[4,4]]
L 487	[[4,4]]
L 488	[[4,4]]
L 489	[[4,4]]
L 490	[[4,4]]
L 491	[[4,4]]
L 492	[[4,4]]
L 493	[[4,4],[13,4],[4,9],[13,9],[8,16]]
L 494	[[4,4]]
L 495	[[4,4]]
L 496	[[4,4]]
L 497	[[4,4]]
L 498	[[4,4]]
L 499	[[4,4],[8,13]]
L 500	[[4,4],[4,5],[4,6],[4,7],[4,8],[4,9],[4,10],[4,11],[4,12],[4,13],[4,14],[4,15],[4,16],[4,17],[4,18],[4,19],[4,20],[4,21],[4,22],[4,23]]
L 501	[[4,4]]
L 502	[[4,4]]
L 503	[[4,4]]
L 504	[[4,4],[4,13]]
L 505	[[4,4]]
L 506	[[4,4]]
L 507	[[4,4]]
L 508	[[4,4]]
L 509	[[4,4]]
L 510	[[4,4],[4,13]]
L 511	[[4,4]]
L 512	[[4,4]]
L 513	[[4,4]]
L 514	[[4,4],[4,13]]
L 515	[[4,4]]
L 516	[[4,4]]
L 517	[[4,4]]
L 518	[[4,4]]
L 519	[[4,4]]
L 520	[[4,4]]
L 521	[[4,4],[4,13]]
L 522	[[4,4]]
L 523	[[4,4]]
L 524	[[4,12],[4,11],[4,10],[4,9],[4,8],[4,7],[4,6],[4,5],[4,4]]
L 525	[[4,4],[4,13]]
L 526	[[4,4]]
L 527	[[4,4]]
L 528	[[4,4]]
L 529	[[4,4],[4,5],[4,6],[4,7],[4,8],[4,9],[4,10],[4,11],[4,12],[4,13],[4,14],[4,15],[4,16],[4,17],[4,18],[4,19],[4,20],[4,21],[4,22]]
L 530	[[4,4]]
L 531	[[4,4]]
L 532	[[4,4]]
L 533	[[4,4]]
L 534	[[7,14],[7,13],[7,12],[7,11],[7,10],[7,9],[7,8],[7,7],[7,6],[7,5],[7,4]]
L 535	[[4,4]]
L 536	[[4,4]]
L 537	[[4,4]]
L 538	[[4,4]]
L 539	[[4,4]]
L 540	[[4,4]]
L 541	[[4,4]]
L 542	[[4,4]]
L 543	[[4,4]]
L 544	[[4,4]]
L 545	[[4,13],[4,10],[4,7],[4,4]]
L 546	[[4,4],[4,5],[4,6],[4,7],[4,8],[4,9],[4,10],[4,11],[4,12],[4,13]]
L 547	[[4,4]]
L 548	[[4,4],[16,4]]
L 549	[[4,4]]
L 550	[[4,4],[4,13]]
L 551	[[4,4]]
L 552	[[4,4]]
L 553	[[4,4]]
L 554	[[4,22],[4,17],[4,12],[4,7],[4,4]]
L 555	[[4,4]]
L 556	[[4,4]]
L 557	[[4,4]]
L 558	[[4,4]]
L 559	[[4,4],[4,13]]
L 560	[[4,4]]
L 561	[[4,4]]
L 562	[[15,15],[4,4]]
L 563	[[4,4]]
L 564	[[4,4]]
L 565	[[4,4]]
L 566	[[4,14],[4,4]]
L 567	[[4,4],[4,13]]
L 568	[[4,13],[4,8],[4,4]]
L 569	[[4,4]]
L 570	[[4,4]]
L 571	[[4,4]]
L 572	[[4,4]]
L 573	[[4,4]]
L 574	[[4,4],[4,13]]
L 575	[[4,14],[4,9],[4,4]]
L 576	[[4,4]]
L 577	[[4,24],[4,19],[4,14],[4,9],[4,4]]
L 578	[[4,4]]
L 579	[[4,4]]
L 580	[[4,4]]
L 581	[[4,4]]
L 582	[[4,4]]
L 583	[[4,4]]
L 584	[[4,4]]
L 585	[[4,4],[4,13]]
L 586	[[4,4]]
L 587	[[4,4]]
L 588	[[4,4]]
L 589	[[4,4]]
L 590	[[4,8],[4,4]]
L 591	[[4,4]]
L 592	[[4,4]]
L 593	[[4,4]]
L 594	[[4,4],[4,13]]
L 595	[[4,4]]
L 596	[[4,4]]
L 597	[[4,4]]
L 598	[[4,15],[4,10],[4,4]]
L 599	[[4,4]]
L 600	[[4,4]]
L 601	[[4,13],[4,8],[4,4]]
L 602	[[4,4]]
L 603	[[4,4]]
L 604	[[4,4]]
L 605	[[4,4]]
L 606	[[4,4]]
L 607	[[4,4]]
L 608	[[4,4]]
L 609	[[4,4]]
L 610	[[4,4]]
L 611	[[4,4]]
L 612	[[4,4],[4,13]]
L 613	[[4,4]]
L 614	[[4,4]]
L 615	[[4,4]]
L 616	[[4,4]]
L 617	[[4,4]]
L 618	[[4,4]]
L 619	[[4,4]]
L 620	[[4,4]]
L 621	[[4,4]]
L 622	[[4,4],[4,13]]
L 623	[[4,4]]
L 624	[[4,4]]
L 625	[[4,4]]
L 626	[[4,4]]
L 627	[[4,4],[4,14]]
L 628	[[4,4]]
L 629	[[4,4]]
L 630	[[4,4]]
L 631	[[4,4]]
L 632	[[4,4]]
L 633	[[4,4]]
L 634	[[4,4]]
L 635	[[4,4]]
L 636	[[4,4],[4,13]]
L 637	[[4,4],[4,8],[4,13]]
L 638	[[4,4]]
L 639	[[4,4]]
L 640	[[4,4]]
L 641	[[4,4]]
L 642	[[4,4]]
L 643	[[4,4]]
L 644	[[4,4]]
L 645	[[4,4]]
L 646	[[4,4]]
L 647	[[4,4]]
L 648	[[4,4],[9,4]]
L 649	[[4,14],[4,4]]
L 650	[[4,4]]
L 651	[[4,4]]
L 652	[[4,4]]
L 653	[[4,4]]
L 654	[[4,4],[4,14]]
L 655	[[4,4]]
L 656	[[4,4]]
L 657	[[4,4]]
L 658	[[4,4]]
L 659	[[4,4]]
L 660	[[4,4]]
L 661	[[4,4]]
L 662	[[4,4]]
L 663	[[4,4],[4,14]]
L 664	[[4,4],[4,9],[4,13]]
L 665	[[4,4]]
L 666	[[4,4],[4,13]]
L 667	[[4,4]]
L 668	[[4,4]]
L 669	[[4,4]]
L 670	[[4,14],[4,4]]
L 671	[[4,4]]
L 672	[[4,4]]
L 673	[[4,4],[4,14]]
L 674	[[4,4]]
L 675	[[4,4]]
L 676	[[4,4]]
L 677	[[4,4]]
L 678	[[4,4]]
L 679	[[4,4]]
L 680	[[4,4],[4,13]]
L 681	[[4,4]]
L 682	[[4,4]]
L 683	[[4,4],[4,15]]
L 684	[[4,4]]
L 685	[[4,4]]
L 686	[[4,4]]
L 687	[[4,4]]
L 688	[[4,4]]
L 689	[[4,4]]
L 690	[[4,4],[15,4]]
L 691	[[4,4]]
L 692	[[4,4]]
L 693	[[3,4],[12,4],[20,4]]
L 694	[[4,4]]
L 695	[[4,4],[15,4]]
L 696	[[4,4]]
L 697	[[4,4]]
L 698	[[4,4]]
L 699	[[4,4]]
L 700	[[4,16],[4,15],[4,14],[4,13],[4,12],[4,11],[4,10],[4,9],[4,8],[4,7],[4,6],[4,5],[14,17],[14,16],[14,15],[14,14],[14,13],[14,12],[14,11],[14,10],[14,9],[14,8],[14,7],[14,6],[14,5],[14,4]]
L 701	[[4,4]]
L 702	[[4,4]]
L 703	[[4,4]]
L 704	[[4,4]]
L 705	[[4,4]]
L 706	[[4,4]]
L 707	[[4,4],[4,5],[4,6],[4,7],[4,8],[4,9],[4,10],[4,11],[4,12],[4,13],[4,14],[4,15],[4,16],[4,17],[4,18],[4,19],[4,20],[4,21]]
L 708	[[4,4]]
L 709	[[4,4]]
L 710	[[4,4]]
L 711	[[4,4]]
L 712	[[4,4],[4,14]]
L 713	[[4,4]]
L 714	[[4,4]]
L 715	[[4,4]]
L 716	[[4,4]]
L 717	[[4,4]]
L 718	[[4,4]]
L 719	[[4,4]]
L 720	[[4,4]]
L 721	[[4,4]]
L 722	[[4,4]]
L 723	[[4,4],[4,13]]
L 724	[[4,4]]
L 725	[[4,4]]
L 726	[[4,4]]
L 727	[[4,4]]
L 728	[[4,4]]
L 729	[[4,4]]
L 730	[[4,4]]
L 731	[[4,4]]
L 732	[[4,4]]
L 733	[[4,4]]
L 734	[[4,4]]
L 735	[[4,4]]
L 736	[[4,4]]
L 737	[[4,4],[4,13]]
L 738	[[4,4]]
L 739	[[4,22],[4,18],[4,14],[4,10],[4,6]]
L 740	[[4,4]]
L 741	[[4,4]]
L 742	[[4,4]]
L 743	[[4,4]]
L 744	[[4,4],[12,4]]
L 745	[[4,4]]
L 746	[[4,4]]
L 747	[[4,4]]
L 748	[[4,4]]
L 749	[[4,4]]
L 750	[[4,4]]
L 751	[[4,4]]
L 752	[[4,4]]
L 753	[[4,4],[4,13]]
L 754	[[9,11],[9,10],[9,9],[9,8],[9,7],[9,6],[9,5],[9,4]]
L 755	[[4,4]]
L 756	[[4,4]]
L 757	[[4,4]]
L 758	[[4,4]]
L 759	[[4,4]]
L 760	[[4,4]]
L 761	[[4,4],[4,13]]
L 762	[[4,4]]
L 763	[[4,4]]
L 764	[[4,4]]
L 765	[[4,4]]
L 766	[[4,4],[14,4],[24,4]]
L 767	[[4,4],[4,15]]
L 768	[[4,4]]
L 769	[[4,4]]
L 770	[[4,4]]
L 771	[[4,4],[14,4],[14,14],[4,14]]
L 772	[[4,4]]
L 773	[[4,4]]
L 774	[[4,4]]
L 775	[[4,9],[4,8],[4,7],[4,6],[4,5],[4,4]]
L 776	[[4,4]]
L 777	[[4,4]]
L 778	[[4,4]]
L 779	[[4,4]]
L 780	[[4,4]]
L 781	[[4,4],[4,13]]
L 782	[[4,4],[15,4]]
L 783	[[4,4]]
L 784	[[4,4]]
L 785	[[4,4]]
L 786	[[4,4],[14,4]]
L 787	[[4,4]]
L 788	[[4,4]]
L 789	[[4,4]]
L 790	[[4,4]]
L 791	[[4,4]]
L 792	[[4,4]]
L 793	[[4,4]]
L 794	[[4,4]]
L 795	[[4,12],[4,11],[4,10],[4,9],[4,8],[4,7],[4,6],[4,5]]
L 796	[[4,4]]
L 797	[[4,4]]
L 798	[[4,4]]
L 799	[[4,4]]
L 800	[[4,4]]
L 801	[[4,4],[4,8]]
L 802	[[4,4]]
L 803	[[4,4]]
L 804	[[4,14],[4,9],[4,4]]
L 805	[[4,4],[4,13]]
L 806	[[4,4]]
L 807	[[4,4]]
L 808	[[4,4]]
L 809	[[4,4]]
L 810	[[4,4],[15,4]]
L 811	[[4,4]]
L 812	[[4,4],[4,15]]
L 813	[[4,4]]
L 814	[[4,4],[13,4],[8,13]]
L 815	[[4,4]]
L 816	[[4,4]]
L 817	[[4,4]]
L 818	[[4,4]]
L 819	[[4,4]]
L 820	[[4,4]]
L 821	[[4,26],[4,18],[4,15],[4,7],[4,4]]
L 822	[[4,4],[4,13]]
L 823	[[4,4]]
L 824	[[4,4]]
L 825	[[4,4]]
L 826	[[4,13],[4,9],[4,4]]
L 827	[[4,4]]
L 828	[[4,4]]
L 829	[[4,4]]
L 830	[[4,4]]
L 831	[[4,4]]
L 832	[[4,4]]
L 833	[[4,4]]
L 834	[[4,4]]
L 835	[[4,4]]
L 836	[[4,13],[4,9],[4,4]]
L 837	[[4,4]]
L 838	[[4,4]]
L 839	[[4,4]]
L 840	[[4,4]]
L 841	[[4,4]]
L 842	[[4,4]]
L 843	[[4,4]]
L 844	[[4,4],[4,8],[4,13]]
L 845	[[4,4]]
L 846	[[4,4]]
L 847	[[4,4]]
L 848	[[4,4],[4,6],[4,8],[4,10]]
L 849	[[4,4]]
L 850	[[4,4],[9,9],[14,14]]
L 851	[[4,4]]
L 852	[[4,4]]
L 853	[[4,4],[4,5],[4,6],[4,7],[4,8],[4,9],[4,10],[4,11],[4,12]]
L 854	[[4,4]]
L 855	[[4,4]]
L 856	[[4,4]]
L 857	[[4,4]]
L 858	[[4,4],[4,5],[4,6],[4,7],[4,8],[4,9],[4,10],[4,11],[4,12],[4,13]]
L 859	[[4,4]]
L 860	[[4,4],[4,13]]
L 861	[[4,4]]
L 862	[[4,4]]
L 863	[[4,4]]
L 864	[[4,4]]
L 865	[[4,4]]
L 866	[[4,4],[5,4],[6,4],[7,4],[8,4],[9,4],[10,4],[11,4],[12,4],[13,4],[14,4],[15,4],[16,4]]
L 867	[[4,4]]
L 868	[[4,4]]
L 869	[[4,4]]
L 870	[[4,4]]
L 871	[[4,4],[4,6],[4,9]]
L 872	[[4,4]]
L 873	[[4,4]]
L 874	[[4,4]]
L 875	[[4,4],[8,4]]
L 876	[[4,4],[4,10]]
L 877	[[4,4]]
L 878	[[4,4]]
L 879	[[4,4]]
L 880	[[4,4]]
L 881	[[4,4]]
L 882	[[4,4]]
L 883	[[4,4]]
L 884	[[4,4]]
L 885	[[4,4]]
L 886	[[4,15],[4,10],[4,9],[4,8],[4,7],[4,6],[4,5],[4,4]]
L 887	[[4,4]]
L 888	[[4,4]]
L 889	[[4,4]]
L 890	[[4,4]]
L 891	[[4,4]]
L 892	[[4,13],[4,8],[4,4]]
L 893	[[4,4]]
L 894	[[4,4]]
L 895	[[4,4]]
L 896	[[4,4],[4,9],[4,13]]
L 897	[[4,4]]
L 898	[[4,4],[15,4],[15,15]]
L 899	[[4,4],[4,9]]
L 900	[[4,4]]
L 901	[[4,4],[12,4]]
L 902	[[4,4],[4,9],[4,13]]
L 903	[[4,4]]
L 904	[[4,4]]
L 905	[[4,4]]
L 906	[[4,4],[8,8],[12,13]]
L 907	[[4,4]]
L 908	[[4,4]]
L 909	[[13,19],[13,13],[13,7],[13,4],[12,4],[14,4],[8,4],[18,4]]
L 910	[[4,4]]
L 911	[[4,4]]
L 912	[[4,4]]
L 913	[[4,4]]
L 914	[[4,4]]
L 915	[[4,15],[4,10],[4,4]]
L 916	[[4,4]]
L 917	[[4,4]]
L 918	[[4,4]]
L 919	[[4,4]]
L 920	[[4,4],[4,13]]
L 921	[[4,4],[6,4],[6,6],[4,6]]
L 922	[[4,4]]
L 923	[[4,4]]
L 924	[[4,4],[5,4],[6,4],[7,4],[8,4],[9,4],[10,4],[11,4],[12,4],[13,4],[14,4],[15,9],[16,4],[17,9],[18,4],[19,9],[20,4],[20,9]]
L 925	[[4,4],[4,13]]
L 926	[[4,4]]
L 927	[[4,4]]
L 928	[[4,4]]
L 929	[[4,4],[17,4],[10,4]]
L 930	[[4,4]]
L 931	[[4,4]]
L 932	[[4,4],[13,6]]
L 933	[[4,4]]
L 934	[[4,4]]
L 935	[[4,4]]
L 936	[[4,4]]
L 937	[[4,4]]
L 938	[[4,4]]
L 939	[[4,4]]
L 940	[[4,13],[4,8],[4,4]]
L 941	[[4,4]]
L 942	[[4,4]]
L 943	[[4,4]]
L 944	[[16,13],[16,9],[16,4]]
L 945	[[4,4],[4,10]]
L 946	[[4,4]]
L 947	[[4,14],[4,4]]
L 948	[[4,4]]
L 949	[[4,4],[14,4],[24,4]]
L 950	[[4,4]]
L 951	[[4,4]]
L 952	[[4,15],[4,4]]
L 953	[[4,4]]
L 954	[[4,4],[4,8]]
L 955	[[4,4]]
L 956	[[4,4]]
L 957	[[4,4]]
L 958	[[4,4]]
L 959	[[4,4]]
L 960	[[4,4]]
L 961	[[4,4]]
L 962	[[4,4]]
L 963	[[4,4],[4,13]]
L 964	[[4,4],[5,4],[6,4],[7,4],[8,4],[9,4],[10,4],[11,4],[12,4],[13,4],[14,4],[15,4],[16,4]]
L 965	[[4,4]]
L 966	[[4,4]]
L 967	[[9,18],[11,10],[6,10],[13,3],[4,3]]
L 968	[[4,4]]
L 969	[[4,4]]
L 970	[[4,4]]
L 971	[[4,4]]
L 972	[[4,4]]
L 973	[[4,4]]
L 974	[[4,4]]
L 975	[[4,4]]
L 976	[[4,4],[4,20]]
L 977	[[4,4]]
L 978	[[4,4]]
L 979	[[4,4],[4,8]]
L 980	[[4,4]]
L 981	[[4,4]]
L 982	[[4,4]]
L 983	[[4,4]]
L 984	[[4,4]]
L 985	[[4,4]]
L 986	[[4,4]]
L 987	[[4,17],[4,19],[4,15],[4,14],[4,13],[4,12],[4,11],[4,10],[4,9],[4,8],[4,7],[4,6],[4,5],[4,4]]
L 988	[[4,4]]
L 989	[[4,4]]
L 990	[[4,4]]
L 991	[[4,4]]
L 992	[[4,4]]
L 993	[[4,4]]
L 994	[[4,4]]
L 995	[[4,4]]
L 996	[[4,4]]
L 997	[[4,4]]
L 998	[[4,4]]
L 999	[[4,4]]
L1000	[[4,4],[5,4],[6,4],[7,4],[8,4],[9,4],[10,4],[11,4],[12,4],[13,4],[14,4],[15,4],[16,4],[17,4],[18,4],[19,4],[20,4],[21,4],[22,4],[23,4]]
L1001	[[4,4]]
L1002	[[4,4],[4,10]]
L1003	[[4,4]]
L1004	[[4,4],[4,14]]
L1005	[[4,4]]
L1006	[[4,4]]
L1007	[[4,4]]
L1008	[[4,4]]
L1009	[[4,4]]
L1010	[[4,4]]
L1011	[[4,4]]
L1012	[[4,4]]
L1013	[[4,4]]
L1014	[[4,4]]
L1015	[[4,4]]
L1016	[[4,13],[4,12],[4,11],[4,10],[4,9],[4,8],[4,7],[4,6],[4,5],[4,4]]
L1017	[[4,4]]
L1018	[[4,4]]
L1019	[[4,4]]
L1020	[[4,9],[4,8],[4,7],[4,6],[4,5],[4,4]]
L1021	[[4,4]]
L1022	[[4,4]]
L1023	[[4,4]]
L1024	[[4,4]]
L1025	[[4,4],[4,10]]
L1026	[[5,3],[5,6],[5,9],[5,12],[5,16],[5,20]]
L1027	[[4,4]]
L1028	[[4,4]]
L1029	[[4,4]]
L1030	[[4,4]]
L1031	[[4,4]]
L1032	[[4,4]]
L1033	[[4,4]]
L1034	[[4,4],[4,7]]
L1035	[[4,4]]
L1036	[[4,4]]
L1037	[[4,4]]
L1038	[[4,4]]
L1039	[[4,4]]
L1040	[[4,4]]
L1041	[[4,4]]
L1042	[[4,4]]
L1043	[[4,4]]
L1044	[[4,4],[4,13]]
L1045	[[4,4]]
L1046	[[4,4]]
L1047	[[4,4],[4,6],[4,8],[4,10],[4,12]]
L1048	[[4,4]]
L1049	[[4,4],[4,9]]
L1050	[[4,4]]
L1051	[[4,4]]
L1052	[[4,4]]
L1053	[[4,15],[4,10],[4,4]]
L1054	[[4,4]]
L1055	[[4,4]]
L1056	[[4,4]]
L1057	[[4,4]]
L1058	[[4,4]]
L1059	[[4,4]]
L1060	[[4,4]]
L1061	[[4,4]]
L1062	[[4,4]]
L1063	[[4,4]]
L1064	[[4,4]]
L1065	[[17,14],[17,13],[17,12],[17,11],[17,10],[17,9],[17,8],[17,4]]
L1066	[[4,4]]
L1067	[[4,4]]
L1068	[[4,4]]
L1069	[[4,4]]
L1070	[[4,4]]
L1071	[[4,4]]
L1072	[[4,4]]
L1073	[[4,4]]
L1074	[[4,10],[4,7],[4,4]]
L1075	[[4,4]]
L1076	[[4,4]]
L1077	[[4,4]]
L1078	[[4,4],[4,14]]
L1079	[[4,4],[17,4]]
L1080	[[4,4]]
L1081	[[4,4]]
L1082	[[4,4]]
L1083	[[4,4]]
L1084	[[4,4]]
L1085	[[4,4],[4,9]]
L1086	[[4,4]]
L1087	[[4,4]]
L1088	[[4,4]]
L1089	[[4,4]]
L1090	[[4,4],[4,9]]
L1091	[[4,4]]
L1092	[[4,4]]
L1093	[[4,4]]
L1094	[[4,4]]
L1095	[[4,4]]
L1096	[[4,4]]
L1097	[[4,10],[4,5]]
L1098	[[4,4]]
L1099	[[4,4]]
L1100	[[4,4],[4,13]]
L1101	[[4,4]]
L1102	[[4,4]]
L1103	[[4,20],[4,16],[4,14],[4,10],[4,8],[4,6],[4,5],[4,4]]
L1104	[[4,4]]
L1105	[[4,4]]
L1106	[[4,4],[16,4],[28,4]]
L1107	[[4,4]]
L1108	[[4,4]]
L1109	[[4,4]]
L1110	[[4,4]]
L1111	[[4,28],[4,26],[4,24],[4,22],[4,19],[4,8],[4,4]]
L1112	[[4,4]]
L1113	[[6,6],[8,6],[6,8],[4,6],[6,4]]
L1114	[[4,4]]
L1115	[[4,4]]
L1116	[[4,9],[4,8],[4,7],[4,6],[4,5],[4,4]]
L1117	[[4,4]]
L1118	[[4,4],[4,9]]
L1119	[[4,4]]
L1120	[[4,4]]
L1121	[[4,4]]
L1122	[[4,4]]
L1123	[[4,4]]
L1124	[[4,4]]
L1125	[[4,4]]
L1126	[[4,4]]
L1127	[[4,4],[4,10],[4,16]]
L1128	[[4,4]]
L1129	[[4,4]]
L1130	[[4,32],[4,37],[4,42],[4,46],[4,50],[4,4]]
L1131	[[4,4]]
L1132	[[4,4],[4,13]]
L1133	[[4,4]]
L1134	[[4,4]]
L1135	[[4,4]]
L1136	[[4,4]]
L1137	[[4,4]]
L1138	[[4,4],[9,14],[8,24]]
L1139	[[4,4]]
L1140	[[4,4]]
L1141	[[4,4]]
L1142	[[4,4]]
L1143	[[4,4]]
L1144	[[4,4]]
L1145	[[4,22],[4,21],[4,20],[4,19],[4,18],[4,17],[4,16],[4,15],[4,14],[4,13],[4,12],[4,11],[4,10],[4,9],[4,8],[4,7],[4,6],[4,5],[4,4]]
L1146	[[4,4]]
L1147	[[4,4]]
L1148	[[4,4]]
L1149	[[4,9],[4,8],[4,7],[4,6],[4,5],[4,4]]
L1150	[[4,4]]
L1151	[[4,4]]
L1152	[[4,4]]
L1153	[[4,4]]
L1154	[[4,4]]
L1155	[[4,4]]
L1156	[[14,14],[14,13],[14,12],[14,11],[14,9],[14,7],[14,6],[14,5],[14,4],[4,4],[5,4],[6,4],[8,4],[24,4],[23,4],[22,4],[20,4]]
L1157	[[4,4]]
L1158	[[4,4]]
L1159	[[4,4]]
L1160	[[4,4]]
L1161	[[4,4]]
L1162	[[4,4]]
L1163	[[4,4]]
L1164	[[4,4]]
L1165	[[4,4],[4,13]]
L1166	[[4,4]]
L1167	[[4,9],[4,8],[4,7],[4,6],[4,4]]
L1168	[[4,4]]
L1169	[[4,4]]
L1170	[[4,4]]
L1171	[[4,4]]
L1172	[[4,4]]
L1173	[[4,4]]
L1174	[[4,4]]
L1175	[[4,4]]
L1176	[[4,28],[4,20],[4,12],[4,4]]
L1177	[[4,4]]
L1178	[[4,4]]
L1179	[[4,4]]
L1180	[[4,4],[4,10],[4,17],[4,21]]
L1181	[[4,4]]
L1182	[[4,4]]
L1183	[[4,4]]
L1184	[[4,4]]
L1185	[[4,4],[9,4],[14,4]]
L1186	[[4,4]]
L1187	[[4,4]]
L1188	[[4,4]]
L1189	[[4,4]]
L1190	[[4,4],[11,4],[16,4]]
L1191	[[4,4]]
L1192	[[4,4]]
L1193	[[4,4]]
L1194	[[4,4]]
L1195	[[4,4],[4,13]]
L1196	[[4,4]]
L1197	[[4,4]]
L1198	[[4,4]]
L1199	[[4,4]]
L1200	[[4,4]]
L1201	[[4,4]]
L1202	[[4,4]]
L1203	[[4,4]]
L1204	[[4,4]]
L1205	[[4,4],[4,9]]
L1206	[[4,4]]
L1207	[[4,4],[4,9]]
L1208	[[4,4]]
L1209	[[4,4]]
L1210	[[4,4]]
L1211	[[4,4]]
L1212	[[4,4]]
L1213	[[4,4]]
L1214	[[4,4],[4,9],[4,16]]
L1215	[[4,21],[4,10],[4,8],[4,6],[4,4]]
L1216	[[4,4]]
L1217	[[4,4]]
L1218	[[4,4],[4,9]]
L1219	[[4,4]]
L1220	[[4,4]]
L1221	[[4,4]]
L1222	[[4,4],[17,4],[10,4]]
L1223	[[4,4]]
L1224	[[4,4]]
L1225	[[4,4]]
L1226	[[4,4],[4,8],[4,11],[8,11],[11,11]]
L1227	[[4,4]]
L1228	[[4,4]]
L1229	[[4,4]]
L1230	[[4,4]]
L1231	[[4,4]]
L1232	[[4,4]]
L1233	[[4,4]]
L1234	[[2,4],[11,4],[21,4],[31,4]]
L1235	[[4,4]]
L1236	[[4,4]]
L1237	[[4,4]]
L1238	[[4,4]]
L1239	[[4,4]]
L1240	[[4,4],[4,13],[4,22]]
L1241	[[4,4]]
L1242	[[4,4]]
L1243	[[4,4]]
L1244	[[4,4]]
L1245	[[4,4]]
L1246	[[4,4]]
L1247	[[4,4]]
L1248	[[4,4]]
L1249	[[4,10],[4,4]]
L1250	[[4,4],[7,4],[10,4],[13,4],[16,4],[19,4]]
L1251	[[4,4]]
L1252	[[4,4]]
L1253	[[5,4],[10,9],[16,14],[21,14],[20,4]]
L1254	[[4,4]]
L1255	[[4,4]]
L1256	[[4,4]]
L1257	[[4,5],[4,4]]
L1258	[[4,4]]
L1259	[[4,4]]
L1260	[[4,4]]
L1261	[[4,4]]
L1262	[[4,4]]
L1263	[[4,4]]
L1264	[[4,4],[9,9]]
L1265	[[4,4]]
L1266	[[4,4]]
L1267	[[4,4]]
L1268	[[4,4],[13,12]]
L1269	[[4,4]]
L1270	[[4,4]]
L1271	[[4,4]]
L1272	[[4,4]]
L1273	[[4,4]]
L1274	[[4,4]]
L1275	[[4,4]]
L1276	[[4,4]]
L1277	[[4,4]]
L1278	[[4,4],[4,10]]
L1279	[[4,4]]
L1280	[[4,4]]
L1281	[[4,4]]
L1282	[[4,4]]
L1283	[[4,4]]
L1284	[[4,4]]
L1285	[[4,4]]
L1286	[[4,4]]
L1287	[[4,4]]
L1288	[[4,4]]
L1289	[[4,4]]
L1290	[[4,4],[4,10]]
L1291	[[4,4]]
L1292	[[4,4]]
L1293	[[4,4]]
L1294	[[4,4]]
L1295	[[4,13],[4,12],[4,11],[4,10],[4,9],[4,8],[4,7],[4,6],[4,5],[4,4]]
L1296	[[4,4]]
L1297	[[4,4],[13,4],[13,13],[4,13]]
L1298	[[4,4]]
L1299	[[4,4]]
L1300	[[4,13],[13,13],[13,22]]
L1301	[[4,4]]
L1302	[[4,4]]
L1303	[[4,4]]
L1304	[[4,4]]
L1305	[[4,4]]
L1306	[[4,4]]
L1307	[[4,4]]
L1308	[[4,4]]
L1309	[[4,4],[4,5],[4,6],[4,7],[9,8],[14,4],[14,5],[14,6],[14,7]]
L1310	[[4,4]]
L1311	[[4,4],[13,4]]
L1312	[[4,4]]
L1313	[[4,4]]
L1314	[[4,4]]
L1315	[[6,4],[6,7],[6,10],[6,13],[6,16],[6,19],[6,22],[6,25]]
L1316	[[4,4],[11,4]]
L1317	[[4,4]]
L1318	[[4,4]]
L1319	[[4,4]]
L1320	[[4,4]]
L1321	[[4,4]]
L1322	[[4,4]]
L1323	[[4,4]]
L1324	[[4,4],[4,13],[4,23]]
L1325	[[4,4]]
L1326	[[4,4]]
L1327	[[4,4]]
L1328	[[4,4]]
L1329	[[4,4],[15,4],[20,16],[9,16]]
L1330	[[4,4]]
L1331	[[4,4]]
L1332	[[4,4]]
L1333	[[4,4]]
L1334	[[4,4]]
L1335	[[4,4]]
L1336	[[4,4]]
L1337	[[4,4]]
L1338	[[4,4]]
L1339	[[4,4]]
L1340	[[4,4]]
L1341	[[4,4]]
L1342	[[4,4]]
L1343	[[4,4]]
L1344	[[4,4],[8,4],[12,4],[17,4],[22,4]]
L1345	[[4,4]]
L1346	[[4,4]]
L1347	[[16,17],[4,17],[10,4]]
L1348	[[4,4]]
L1349	[]
L1350	[[4,4]]
L1351	[[4,4]]
L1352	[[4,4]]
L1353	[[4,4]]
L1354	[[4,22],[4,14],[4,6]]
L1355	[[4,4]]
L1356	[[4,4]]
L1357	[[4,4],[4,9]]
L1358	[[4,4]]
L1359	[[4,4]]
L1360	[[4,4]]
L1361	[[4,4]]
L1362	[[4,4]]
L1363	[[4,4]]
L1364	[[4,4]]
L1365	[[4,4]]
L1366	[[4,4]]
L1367	[[4,4]]
L1368	[[4,4]]
L1369	[[4,4],[9,4]]
L1370	[[4,4]]
L1371	[[4,4]]
L1372	[[4,4]]
L1373	[[4,4]]
L1374	[[14,4],[10,4],[9,4],[8,4],[4,4]]
L1375	[[4,4]]
L1376	[[4,14],[4,18],[4,22],[4,26],[4,30]]
L1377	[[4,4]]
L1378	[[4,4]]
L1379	[[4,4]]
L1380	[[4,4]]
L1381	[[4,4]]
L1382	[[4,4]]
L1383	[[4,4]]
L1384	[[4,4],[4,9]]
L1385	[[4,4]]
L1386	[[4,4]]
L1387	[[4,4]]
L1388	[[4,4]]
L1389	[[4,4]]
L1390	[[4,4],[4,11]]
L1391	[[4,4]]
L1392	[[4,4]]
L1393	[[4,4],[14,4]]
L1394	[[4,4]]
L1395	[[4,4]]
L1396	[[4,4]]
L1397	[[4,7],[4,4]]
L1398	[[4,4]]
L1399	[[4,4],[4,9],[14,9]]
L1400	[[4,4]]
L1401	[[4,4]]
L1402	[[4,4],[4,5],[4,6],[4,7],[4,8],[4,9],[4,10],[4,11],[4,12],[4,13],[4,14],[4,15],[4,16],[4,17],[4,18],[4,19],[4,20],[4,21],[4,22],[4,23],[4,24],[4,25],[5,25],[6,25],[7,25],[8,25],[9,25],[10,25],[10,24],[10,23],[10,22],[10,21],[10,20],[10,19],[10,18],[10,17],[10,16],[10,15],[10,14],[10,13],[10,12],[10,11],[10,10],[10,9],[10,8],[10,7],[10,6],[10,5],[10,4]]
L1403	[[4,4]]
L1404	[[4,4]]
L1405	[[4,4],[4,13]]
L1406	[]
L1407	[[4,4]]
L1408	[[4,4]]
L1409	[[4,4]]
L1410	[[4,4]]
L1411	[[4,4],[4,13]]
L1412	[[4,4]]
L1413	[[4,4]]
L1414	[[4,4]]
L1415	[[4,4]]
L1416	[[4,4]]
L1417	[[4,4]]
L1418	[[4,4]]
L1419	[[4,13],[4,10],[4,7],[4,4]]
L1420	[[4,4]]
L1421	[[4,4]]
L1422	[[4,4]]
L1423	[[4,4]]
L1424	[[4,4],[4,7]]
L1425	[[4,4]]
L1426	[[4,9],[4,4]]
L1427	[[4,4]]
L1428	[[4,4]]
L1429	[[4,16],[4,14],[4,12],[4,10],[4,8],[4,6],[4,4]]
L1430	[[4,4]]
L1431	[[4,4]]
L1432	[[4,4]]
L1433	[[4,4]]
L1434	[[4,4]]
L1435	[[4,4],[4,13],[4,23],[13,23]]
L1436	[[4,4]]
L1437	[[4,4]]
L1438	[[4,4]]
L1439	[[4,4]]
L1440	[[4,4]]
L1441	[[4,4]]
L1442	[[4,13],[4,9],[4,4]]
L1443	[[4,4]]
L1444	[[4,4]]
L1445	[[4,4]]
L1446	[[4,9],[4,4]]
L1447	[[4,4]]
L1448	[[4,16],[4,10],[4,7],[4,4]]
L1449	[[4,4]]
L1450	[[4,4]]
L1451	[[4,4]]
L1452	[[4,4]]
L1453	[[4,4]]
L1454	[[4,4],[4,9]]
L1455	[[4,4]]
L1456	[[4,4]]
L1457	[[4,4]]
L1458	[[4,4]]
L1459	[[4,4]]
L1460	[[4,19],[4,14],[4,9],[4,6],[4,3]]
L1461	[[4,4]]
L1462	[[4,4]]
L1463	[[4,4]]
L1464	[[4,4]]
L1465	[[4,4]]
L1466	[[4,4],[10,10]]
L1467	[[4,4]]
L1468	[[4,4]]
L1469	[[4,9],[4,8],[4,7],[4,6],[4,5],[4,4]]
L1470	[[4,4]]
L1471	[[4,4]]
L1472	[[4,4]]
L1473	[[4,4],[7,4],[11,4]]
L1474	[[4,4]]
L1475	[[4,4]]
L1476	[[4,4],[14,4],[24,4]]
L1477	[[4,4]]
L1478	[[4,4]]
L1479	[[4,4]]
L1480	[[4,4]]
L1481	[[4,4]]
L1482	[[4,4]]
L1483	[[4,4]]
L1484	[[4,22],[4,17],[4,16],[4,15],[4,14],[4,7],[4,6],[4,5],[4,4]]
L1485	[[4,4]]
L1486	[[4,4]]
L1487	[[4,4]]
L1488	[[4,4]]
L1489	[[4,4]]
L1490	[[4,4]]
L1491	[[4,4]]
L1492	[[4,4]]
L1493	[[4,4],[9,4],[14,4]]
L1494	[[4,4]]
L1495	[[4,4]]
L1496	[[4,4]]
L1497	[[4,4]]
L1498	[[4,4]]
L1499	[[4,4]]
L1500	[[4,4],[4,12],[4,20],[4,28]]
L1501	[[4,4]]
L1502	[[4,4]]
L1503	[[4,4]]
L1504	[]
L1505	[[4,9],[4,4]]
L1506	[[4,4]]
L1507	[[4,4]]
L1508	[[4,4]]
L1509	[[4,4],[9,4]]
L1510	[[4,4]]
L1511	[[4,4]]
L1512	[[4,4]]
L1513	[[15,4],[4,4]]
L1514	[[4,4]]
L1515	[[4,4]]
L1516	[[4,4]]
L1517	[[4,4]]
L1518	[[4,4]]
L1519	[[4,4]]
L1520	[[4,4]]
L1521	[[4,4]]
L1522	[[4,9],[4,4]]
L1523	[[4,4]]
L1524	[[4,4],[4,14],[4,23]]
L1525	[[4,4]]
L1526	[[4,4]]
L1527	[[4,4]]
L1528	[[4,4]]
L1529	[[4,4]]
L1530	[[4,6],[11,6],[14,8],[14,6],[14,4]]
L1531	[[4,4]]
L1532	[[4,4]]
L1533	[[4,4]]
L1534	[[4,10],[4,5]]
L1535	[[4,4]]
L1536	[[4,4]]
L1537	[[4,4]]
L1538	[[4,4]]
L1539	[[4,4],[7,4],[12,4]]
L1540	[[4,4]]
L1541	[[4,4]]
L1542	[[4,4]]
L1543	[[15,4],[4,4]]
L1544	[[4,4]]
L1545	[[4,4]]
L1546	[[4,4]]
L1547	[[4,4],[4,12]]
L1548	[[4,4]]
L1549	[[4,4]]
L1550	[[4,4]]
L1551	[[4,4]]
L1552	[[4,13],[4,4]]
L1553	[[4,4]]
L1554	[[4,4]]
L1555	[[4,4],[4,9],[4,11]]
L1556	[[4,4]]
L1557	[[4,4]]
L1558	[[4,4]]
L1559	[[4,4]]
L1560	[[4,6],[4,5],[4,4]]
L1561	[[4,4]]
L1562	[[4,4]]
L1563	[[4,4],[4,14],[4,22]]
L1564	[[4,4]]
L1565	[[4,4]]
L1566	[]
L1567	[[4,4]]
L1568	[[4,4]]
L1569	[[4,13],[14,10],[23,7],[31,4]]
L1570	[[4,4]]
L1571	[[4,4]]
L1572	[[4,4]]
L1573	[[4,4],[4,8],[4,11],[4,14],[4,21]]
L1574	[[4,4]]
L1575	[[4,4],[4,13]]
L1576	[[4,4]]
L1577	[[4,4],[10,13],[15,5]]
L1578	[[4,4]]
L1579	[[4,4]]
L1580	[[4,4]]
L1581	[[4,4]]
L1582	[[4,14],[4,4]]
L1583	[[4,4]]
L1584	[[4,4]]
L1585	[[4,4]]
L1586	[[4,4]]
L1587	[[4,4]]
L1588	[[4,4]]
L1589	[[4,4]]
L1590	[[4,4]]
L1591	[[4,4],[4,8]]
L1592	[[4,4]]
L1593	[[4,4]]
L1594	[[4,4],[14,4],[24,4]]
L1595	[[4,4]]
L1596	[[4,4]]
L1597	[[4,4]]
L1598	[[4,4]]
L1599	[[4,4],[9,4]]
L1600	[[4,4]]
L1601	[[4,4]]
L1602	[[4,4]]
L1603	[[4,4]]
L1604	[[4,4]]
L1605	[[4,4]]
L1606	[[4,9],[4,8],[4,4]]
L1607	[[4,4]]
L1608	[[4,4]]
L1609	[[4,4]]
L1610	[[4,4]]
L1611	[[4,4]]
L1612	[[4,13],[4,12],[4,11],[4,10],[4,9],[4,8],[4,7],[4,6],[4,5],[4,4]]
L1613	[[4,4]]
L1614	[[4,4]]
L1615	[[4,4]]
L1616	[[4,4]]
L1617	[[4,4],[4,9]]
L1618	[[4,4]]
L1619	[[4,4]]
L1620	[[4,4]]
L1621	[[4,4]]
L1622	[[4,12],[4,7],[4,4]]
L1623	[[4,4]]
L1624	[[4,4]]
L1625	[[4,4]]
L1626	[[4,4]]
L1627	[[4,4]]
L1628	[[4,9]]
L1629	[[4,4]]
L1630	[[4,9],[4,4]]
L1631	[[4,4]]
L1632	[[4,4]]
L1633	[[4,4],[6,4],[8,4],[10,4],[10,5],[8,5],[6,5],[4,5]]
L1634	[[4,4]]
L1635	[[4,4]]
L1636	[[4,4]]
L1637	[[4,14],[4,4]]
L1638	[[4,4]]
L1639	[[4,4]]
L1640	[[4,4]]
L1641	[[4,4]]
L1642	[[4,4],[4,5],[4,6],[4,7],[4,8],[4,9],[4,10],[4,11],[4,12],[4,13],[4,14],[4,15],[4,16],[15,11]]
L1643	[[4,4]]
L1644	[[4,4],[4,10]]
L1645	[[4,4]]
L1646	[[4,4]]
L1647	[[4,4]]
L1648	[[4,9],[4,6],[4,4]]
L1649	[[4,4]]
L1650	[[4,4]]
L1651	[[4,4]]
L1652	[[4,4]]
L1653	[[4,4]]
L1654	[[4,4]]
L1655	[[4,4]]
L1656	[[4,4],[4,11],[4,18]]
L1657	[[4,4]]
L1658	[[4,4]]
L1659	[[4,4]]
L1660	[[4,4],[16,4],[28,4]]
L1661	[[4,4]]
L1662	[[4,4]]
L1663	[[4,4]]
L1664	[[4,4]]
L1665	[[4,4]]
L1666	[[4,4]]
L1667	[[4,4]]
L1668	[[4,4]]
L1669	[[4,4],[9,4],[14,4]]
L1670	[[4,4],[4,13]]
L1671	[[4,4]]
L1672	[[4,4]]
L1673	[[4,4],[4,10]]
L1674	[[4,4]]
L1675	[[4,4]]
L1676	[[4,4]]
L1677	[[4,4]]
L1678	[[4,4]]
L1679	[[4,4]]
L1680	[[4,13],[8,13],[12,13]]
L1681	[[4,4]]
L1682	[[4,4]]
L1683	[[4,4]]
L1684	[[4,13],[4,9],[4,5],[4,4]]
L1685	[[4,4],[4,15],[4,26]]
L1686	[[4,4]]
L1687	[[4,4]]
L1688	[[4,4]]
L1689	[[4,4]]
L1690	[[4,4]]
L1691	[[4,4]]
L1692	[[4,4]]
L1693	[[4,4]]
L1694	[[4,4],[4,13]]
L1695	[[4,4]]
L1696	[[4,4]]
L1697	[[4,10],[4,6],[4,4]]
L1698	[[4,4]]
L1699	[[4,4]]
L1700	[[4,4],[12,4],[20,4],[28,4]]
L1701	[[4,4]]
L1702	[[4,4]]
L1703	[[4,4]]
L1704	[[4,4],[4,18],[4,11]]
L1705	[[4,4]]
L1706	[[4,4]]
L1707	[[4,20],[4,18],[4,16],[4,14],[4,12],[4,10],[4,8],[4,6],[4,4]]
L1708	[[4,4]]
L1709	[[4,4]]
L1710	[[4,4],[4,14]]
L1711	[[4,4]]
L1712	[[4,4]]
L1713	[[4,4]]
L1714	[[4,4]]
L1715	[[4,4]]
L1716	[[4,4]]
L1717	[[4,4]]
L1718	[[4,4]]
L1719	[[4,4]]
L1720	[[4,4],[4,13]]
L1721	[[4,4]]
L1722	[[4,4]]
L1723	[[4,4]]
L1724	[[4,4]]
L1725	[[4,4]]
L1726	[[4,4]]
L1727	[[4,4]]
L1728	[[4,4],[4,11]]
L1729	[[4,4]]
L1730	[[4,4]]
L1731	[[4,4]]
L1732	[[10,4],[4,10]]
L1733	[[4,4]]
L1734	[[4,4]]
L1735	[[4,4],[4,14]]
L1736	[[4,4]]
L1737	[[4,4],[8,8]]
L1738	[[4,4]]
L1739	[[4,4]]
L1740	[[4,4]]
L1741	[[4,4]]
L1742	[[4,4],[6,4],[13,4],[11,4],[15,4],[20,4],[22,4]]
L1743	[[4,4]]
L1744	[[4,4]]
L1745	[[8,9],[4,4]]
L1746	[[4,4]]
L1747	[[4,4]]
L1748	[[4,10],[4,5]]
L1749	[[4,4]]
L1750	[[4,4]]
L1751	[[4,4]]
L1752	[[4,4]]
L1753	[[4,4]]
L1754	[[4,4]]
L1755	[[4,4],[9,4],[14,4],[19,4],[24,4]]
L1756	[[4,4]]
L1757	[[4,4]]
L1758	[[4,4],[4,13]]
L1759	[[4,4]]
L1760	[[4,4]]
L1761	[[4,4]]
L1762	[[4,4],[4,9]]
L1763	[[4,4]]
L1764	[[4,4]]
L1765	[[4,13],[4,8],[4,4]]
L1766	[[4,4]]
L1767	[[4,4]]
L1768	[[4,12],[4,4]]
L1769	[[4,4]]
L1770	[[4,4]]
L1771	[[4,4]]
L1772	[[4,4],[4,10]]
L1773	[[4,4]]
L1774	[[4,4]]
L1775	[[4,4]]
L1776	[[4,4]]
L1777	[[4,4]]
L1778	[[4,4]]
L1779	[[4,4],[6,4],[12,4],[16,4],[17,4]]
L1780	[[4,4]]
L1781	[[4,4]]
L1782	[[4,4]]
L1783	[[4,4]]
L1784	[[15,4],[4,4]]
L1785	[[4,4]]
L1786	[[4,4]]
L1787	[[4,4]]
L1788	[[4,4]]
L1789	[[4,4]]
L1790	[[4,4],[6,4],[8,4],[10,4],[11,4]]
L1791	[[4,4]]
L1792	[[4,4],[4,13]]
L1793	[[4,4]]
L1794	[[4,4]]
L1795	[[4,4]]
L1796	[[4,4]]
L1797	[[4,4]]
L1798	[[4,4]]
L1799	[[4,4],[11,4],[13,4]]
L1800	[[4,4]]
L1801	[[4,4]]
L1802	[[4,4]]
L1803	[[4,4]]
L1804	[[4,4]]
L1805	[[4,4]]
L1806	[[4,4]]
L1807	[[4,4]]
L1808	[[4,4]]
L1809	[[4,4]]
L1810	[[4,4],[4,9]]
L1811	[[4,4]]
L1812	[[4,4],[4,9]]
L1813	[[4,4]]
L1814	[[4,4]]
L1815	[[4,4]]
L1816	[[4,4]]
L1817	[[4,10],[4,8],[4,6],[4,4]]
L1818	[[4,4]]
L1819	[[4,4]]
L1820	[[4,4]]
L1821	[[4,4]]
L1822	[[4,4]]
L1823	[[4,4]]
L1824	[[14,14],[9,9],[4,4]]
L1825	[[4,4]]
L1826	[[4,4]]
L1827	[[4,4]]
L1828	[[4,4]]
L1829	[[4,4]]
L1830	[[4,4]]
L1831	[[4,4]]
L1832	[[4,13],[4,7],[4,4]]
L1833	[[4,4]]
L1834	[[4,4]]
L1835	[[4,4],[4,8]]
L1836	[[6,14],[4,14],[4,4]]
L1837	[[4,4]]
L1838	[[4,4]]
L1839	[[4,4]]
L1840	[[4,4]]
L1841	[[4,4]]
L1842	[[4,4]]
L1843	[[4,4],[4,12]]
L1844	[[4,4]]
L1845	[[4,4]]
L1846	[[4,4]]
L1847	[[4,10],[4,8],[4,6],[4,4]]
L1848	[[4,4],[4,5],[4,14]]
L1849	[[4,4]]
L1850	[[4,4]]
L1851	[[4,4]]
L1852	[[15,4],[4,4]]
L1853	[]
L1854	[[4,4]]
L1855	[[4,4]]
L1856	[[4,4]]
L1857	[[4,4]]
L1858	[[4,4]]
L1859	[[4,4]]
L1860	[[9,4],[4,4]]
L1861	[[4,4]]
L1862	[[4,4]]
L1863	[[4,4]]
L1864	[[4,4]]
L1865	[[4,10],[7,9],[10,8],[16,6],[16,4]]
L1866	[[4,4]]
L1867	[[4,4]]
L1868	[[4,4]]
L1869	[[4,4]]
L1870	[[4,19],[4,8],[4,4]]
L1871	[[4,4]]
L1872	[[4,4]]
L1873	[[4,4]]
L1874	[[4,4]]
L1875	[[4,4]]
L1876	[[4,4]]
L1877	[[4,4]]
L1878	[[4,4]]
L1879	[[4,4]]
L1880	[[4,4]]
L1881	[[4,4]]
L1882	[[4,4]]
L1883	[[4,4]]
L1884	[[9,10],[4,7],[4,4]]
L1885	[[4,4]]
L1886	[[4,4]]
L1887	[[4,4]]
L1888	[[4,4]]
L1889	[[4,4]]
L1890	[[4,4]]
L1891	[[4,4]]
L1892	[[4,4],[9,9]]
L1893	[[4,10],[9,6],[9,4]]
L1894	[[4,4]]
L1895	[[4,4]]
L1896	[[4,4]]
L1897	[[4,4]]
L1898	[[4,4]]
L1899	[[4,4]]
L1900	[[4,4],[13,4],[13,15],[4,15]]
L1901	[[4,4]]
L1902	[[9,9],[9,4],[4,4]]
L1903	[[4,4]]
L1904	[[4,4]]
L1905	[[4,4]]
L1906	[[4,4]]
L1907	[[13,4],[12,4],[11,4],[10,4],[9,4],[8,4],[7,4],[6,4],[5,4],[4,4]]
L1908	[[4,4]]
L1909	[[4,4]]
L1910	[[4,4]]
L1911	[[4,4]]
L1912	[[4,4]]
L1913	[]
L1914	[[4,12],[4,4]]
L1915	[[4,4],[4,13],[4,22]]
L1916	[[4,4]]
L1917	[[4,4]]
L1918	[[4,4],[4,8]]
L1919	[[4,4]]
L1920	[[4,4]]
L1921	[[4,11],[4,7],[4,4]]
L1922	[[4,4]]
L1923	[[4,4]]
L1924	[[4,4]]
L1925	[[4,4]]
L1926	[[4,4]]
L1927	[[4,4]]
L1928	[[4,4]]
L1929	[[4,4],[4,14],[8,14]]
L1930	[[4,4]]
L1931	[[4,4]]
L1932	[[4,4],[12,12],[4,19]]
L1933	[[4,4]]
L1934	[[4,4]]
L1935	[[4,4]]
L1936	[[4,4]]
L1937	[[4,4]]
L1938	[[4,4]]
L1939	[[4,4]]
L1940	[[4,4]]
L1941	[[4,4],[16,7],[26,4]]
L1942	[[4,4]]
L1943	[[4,4]]
L1944	[[7,15],[7,13],[7,10]]
L1945	[[13,13],[21,13],[13,21],[5,13],[13,5]]
L1946	[[4,4]]
L1947	[[4,4]]
L1948	[[4,4]]
L1949	[[4,4]]
L1950	[[5,8],[9,8],[12,8]]
L1951	[[4,4]]
L1952	[[4,4]]
L1953	[[4,4]]
L1954	[[4,4],[4,13],[14,13]]
L1955	[[4,4]]
L1956	[[4,4]]
L1957	[[4,4]]
L1958	[[4,4]]
L1959	[[4,4],[4,12]]
L1960	[[4,4],[4,16]]
L1961	[[4,4]]
L1962	[[4,4]]
L1963	[[4,4],[5,4],[6,4],[11,12],[12,12],[13,12],[14,12],[15,12],[20,4],[21,4],[22,4]]
L1964	[[4,4]]
L1965	[[4,4]]
L1966	[[4,4]]
L1967	[[4,4]]
L1968	[[4,4]]
L1969	[[4,4]]
L1970	[[4,4]]
L1971	[[8,11],[22,18]]
L1972	[[4,4]]
L1973	[[4,4]]
L1974	[[4,4]]
L1975	[[8,16],[8,9]]
L1976	[[4,4]]
L1977	[[4,4]]
L1978	[[4,4]]
L1979	[[4,4]]
L1980	[[4,4]]
L1981	[[4,4]]
L1982	[[4,10],[4,9],[4,4]]
L1983	[[4,4]]
L1984	[[18,4],[15,15],[4,14],[4,11],[4,8],[4,5],[14,4]]
L1985	[[4,4]]
L1986	[[7,13],[7,7]]
L1987	[[4,4]]
L1988	[[4,4],[13,4],[22,4],[13,17]]
L1989	[[12,32],[12,31],[12,30],[12,29],[12,28],[12,27],[12,26],[12,25],[12,24],[11,23],[10,22],[9,21],[8,20],[8,19],[8,18],[8,17],[8,16],[8,15],[8,14],[8,13],[7,12],[6,11],[5,10],[4,9],[4,8],[4,7],[4,6],[4,5]]
L1990	[[4,4]]
L1991	[[4,4]]
L1992	[[4,4]]
L1993	[[4,4]]
L1994	[[4,4]]
L1995	[[4,13],[4,9],[4,4]]
L1996	[[4,4]]
L1997	[[4,4]]
L1998	[[4,4]]
L1999	[[4,4]]
L2000	[[39,6],[28,6],[17,6],[6,6]]
L2001	[[4,4]]
L2002	[[4,4],[15,5],[5,15]]
L2003	[[4,4]]
L2004	[[4,4]]
L2005	[[4,10],[6,10],[8,10],[10,10],[12,10],[14,10],[14,8],[14,6],[14,4]]
L2006	[[4,4]]
L2007	[[4,4]]
L2008	[[4,4],[9,9]]
L2009	[[4,4]]
L2010	[[4,4]]
L2011	[[4,5],[15,5]]
L2012	[[4,4]]
L2013	[[4,4]]
L2014	[[4,4]]
L2015	[[4,4],[4,14]]
L2016	[[4,4]]
L2017	[[4,4]]
L2018	[]
L2019	[[4,4]]
L2020	[[4,4]]
L2021	[[4,4]]
L2022	[[4,4]]
L2023	[[4,8],[14,6],[24,4]]
L2024	[[4,4]]
L2025	[[4,4]]
L2026	[[4,4]]
L2027	[[4,4]]
L2028	[[4,4]]
L2029	[[4,4]]
L2030	[[4,4]]
L2031	[[4,4],[4,13]]
L2032	[[4,4]]
L2033	[[4,4]]
L2034	[[4,4]]
L2035	[[4,4],[7,4],[10,4],[13,4],[16,4]]
L2036	[[4,4],[16,4],[10,10]]
L2037	[[4,4]]
L2038	[[4,4]]
L2039	[[4,4]]
L2040	[[4,18],[4,17],[4,16],[4,15],[4,14],[4,13],[4,12],[4,11],[4,10],[4,9],[4,8],[4,7],[4,6],[4,5],[4,4]]
L2041	[[4,4],[4,15]]
L2042	[[4,4]]
L2043	[[4,4]]
L2044	[[4,4],[4,9],[9,4],[9,9],[14,4],[14,9],[19,4],[19,9]]
L2045	[[4,4]]
L2046	[[4,4]]
L2047	[[4,4]]
L2048	[[4,4]]
L2049	[[4,4]]
L2050	[[4,4]]
L2051	[[4,4]]
L2052	[[4,4]]
L2053	[[4,4],[4,13]]
L2054	[[4,4]]
L2055	[[4,4]]
L2056	[[4,4]]
L2057	[[4,4]]
L2058	[[4,4]]
L2059	[[4,4]]
L2060	[[4,4]]
L2061	[]
L2062	[[4,4],[4,7],[4,8],[4,10],[4,13],[8,17]]
L2063	[[4,4]]
L2064	[[4,4]]
L2065	[[4,4]]
L2066	[[4,14],[4,9],[4,4]]
L2067	[[4,4]]
L2068	[[4,4]]
L2069	[[4,4]]
L2070	[[4,4]]
L2071	[[4,4],[6,4],[8,4],[10,4],[12,4],[14,4],[16,4],[19,4],[23,4]]
L2072	[[4,4]]
L2073	[[4,4]]
L2074	[[4,4],[15,4],[26,4]]
L2075	[[4,4]]
L2076	[[4,4]]
L2077	[[4,4]]
L2078	[[4,4]]
L2079	[[4,4]]
L2080	[[4,4]]
L2081	[[4,4]]
L2082	[[4,4]]
L2083	[[4,32],[4,30],[4,28],[4,26],[4,24],[4,22],[4,20],[4,18],[4,4]]
L2084	[[4,4]]
L2085	[[4,4]]
L2086	[[4,4]]
L2087	[[4,4]]
L2088	[[4,17],[4,13],[4,12],[4,11],[4,10],[4,9],[4,8],[4,7],[4,6],[4,5],[4,4]]
L2089	[[4,4]]
L2090	[[4,4]]
L2091	[[4,4]]
L2092	[[4,4]]
L2093	[[4,4]]
L2094	[[4,4]]
L2095	[[4,4]]
L2096	[[4,4]]
L2097	[[4,4]]
L2098	[[4,4]]
L2099	[]
L2100	[[4,4]]
L2101	[[4,4],[4,15]]
L2102	[[4,4]]
L2103	[[4,4]]
L2104	[[4,4]]
L2105	[[4,4]]
L2106	[[4,4]]
L2107	[[4,4],[4,8]]
L2108	[[4,4]]
L2109	[[4,4]]
L2110	[[4,4],[4,12]]
L2111	[[4,4]]
L2112	[[4,4]]
L2113	[[4,4]]
L2114	[[4,4]]
L2115	[[4,4]]
L2116	[[4,4],[7,7],[11,11]]
L2117	[[4,4]]
L2118	[[4,4]]
L2119	[[4,4]]
L2120	[[4,4]]
L2121	[[4,4]]
L2122	[[4,4],[15,4]]
L2123	[[4,4]]
L2124	[[4,4]]
L2125	[[4,4]]
L2126	[[4,4]]
L2127	[[4,4]]
L2128	[[4,4]]
L2129	[[4,4],[4,12]]
L2130	[[4,4]]
L2131	[[4,4]]
L2132	[[4,4]]
L2133	[[4,4]]
L2134	[[4,4],[15,4],[14,15],[12,15],[10,15],[8,15],[6,15],[4,15]]
L2135	[[4,4]]
L2136	[[4,9],[4,4]]
L2137	[[4,4]]
L2138	[[4,4]]
L2139	[[4,4]]
L2140	[[4,4],[4,15],[13,15]]
L2141	[[4,4]]
L2142	[[4,4]]
L2143	[[4,4],[7,11]]
L2144	[[4,10],[4,4]]
L2145	[[4,4]]
L2146	[[4,4]]
L2147	[[4,4]]
L2148	[[4,4]]
L2149	[[4,4]]
L2150	[[4,4]]
L2151	[[4,4]]
L2152	[[4,14],[4,10],[4,7],[4,4]]
L2153	[[4,4]]
L2154	[[4,4]]
L2155	[[4,14],[4,3]]
L2156	[[4,4]]
L2157	[[4,4]]
L2158	[[4,4],[4,10]]
L2159	[[4,4]]
L2160	[[4,12],[4,8],[4,4]]
L2161	[[4,4]]
L2162	[[4,4]]
L2163	[[4,4]]
L2164	[[6,12],[3,12],[12,4],[18,7],[24,4]]
L2165	[[4,4]]
L2166	[[4,4]]
L2167	[[4,4]]
L2168	[[4,4]]
L2169	[[4,4],[4,13]]
L2170	[[4,4]]
L2171	[[4,4]]
L2172	[[4,4]]
L2173	[[4,15],[4,4]]
L2174	[[4,4]]
L2175	[[4,4]]
L2176	[[4,4],[7,14]]
L2177	[[4,4]]
L2178	[[4,4]]
L2179	[[19,20],[11,12],[3,4]]
L2180	[[4,4]]
L2181	[[4,4]]
L2182	[[4,4]]
L2183	[[4,4]]
L2184	[[4,4]]
L2185	[[4,4],[4,10]]
L2186	[[4,4]]
L2187	[[4,20],[9,18],[14,16],[4,3],[9,3],[14,3]]
L2188	[[4,4]]
L2189	[[4,4]]
L2190	[[4,4]]
L2191	[[4,4],[4,11]]
L2192	[[4,4]]
L2193	[[4,4]]
L2194	[[4,4]]
L2195	[[4,4]]
L2196	[[4,4]]
L2197	[[4,19],[13,15],[4,11],[13,7],[4,3]]
L2198	[[4,4]]
L2199	[[4,4]]
L2200	[[13,12],[4,4]]
L2201	[[4,4]]
L2202	[[4,4]]
L2203	[[4,4],[4,15]]
L2204	[[4,4]]
L2205	[[4,4]]
L2206	[[4,4]]
L2207	[[4,4]]
L2208	[[4,4]]
L2209	[[4,4],[4,7],[4,10]]
L2210	[[4,4]]
L2211	[[4,4]]
L2212	[[4,4]]
L2213	[[4,4]]
L2214	[[4,4],[4,14]]
L2215	[[4,4]]
L2216	[[4,4]]
L2217	[[4,4]]
L2218	[[4,4],[4,11]]
L2219	[[4,4]]
L2220	[[4,4]]
L2221	[[19,12],[3,12],[11,10],[11,4]]
L2222	[[4,4]]
L2223	[[4,4],[4,10]]
L2224	[[4,4]]
L2225	[[4,4]]
L2226	[[4,4],[4,7]]
L2227	[[4,4]]
L2228	[[4,4]]
L2229	[[4,4]]
L2230	[[4,4],[26,4],[15,4]]
L2231	[[4,4]]
L2232	[[4,4]]
L2233	[[4,4]]
L2234	[[4,4]]
L2235	[[4,4]]
L2236	[[4,4]]
L2237	[[4,4]]
L2238	[[4,4]]
L2239	[[4,4],[4,14]]
L2240	[[4,4]]
L2241	[[4,4]]
L2242	[[4,4],[4,15]]
L2243	[[4,4]]
L2244	[[4,4]]
L2245	[[4,4],[6,15],[20,15]]
L2246	[[4,4]]
L2247	[[4,4]]
L2248	[[4,4]]
L2249	[[4,4]]
L2250	[[4,4]]
L2251	[[4,7],[4,18],[4,28]]
L2252	[[4,4]]
L2253	[[4,4]]
L2254	[[4,4]]
L2255	[[4,4]]
L2256	[[4,4],[4,12]]
L2257	[[4,4]]
L2258	[[4,4]]
L2259	[[4,4]]
L2260	[[24,8],[10,17],[4,4]]
L2261	[[4,4]]
L2262	[[4,4]]
L2263	[[4,4],[9,9],[9,15]]
L2264	[[4,4]]
L2265	[[4,4]]
L2266	[[4,4]]
L2267	[[4,4],[10,18],[27,18]]
L2268	[[4,4]]
L2269	[[4,4]]
L2270	[[4,4]]
L2271	[[4,4]]
L2272	[[4,4]]
L2273	[[4,4]]
L2274	[[4,4]]
L2275	[[4,4]]
L2276	[[4,4],[4,13]]
L2277	[[4,4]]
L2278	[[4,4]]
L2279	[[4,4]]
L2280	[[4,4]]
L2281	[[6,7],[19,7]]
L2282	[[4,4]]
L2283	[[4,4]]
L2284	[[4,4]]
L2285	[[4,4]]
L2286	[[4,4]]
L2287	[[4,4],[16,15]]
L2288	[[4,4]]
L2289	[[4,4]]
L2290	[[4,4]]
L2291	[[4,4]]
L2292	[[4,4]]
L2293	[[4,8],[4,4],[15,4]]
L2294	[[4,4]]
L2295	[[4,4]]
L2296	[[4,4],[4,9]]
L2297	[[4,4]]
L2298	[[4,4]]
L2299	[[4,4]]
L2300	[[4,4]]
L2301	[[4,4]]
L2302	[[4,4]]
L2303	[[4,4]]
L2304	[[4,4]]
L2305	[[4,10],[4,4]]
L2306	[[4,4]]
L2307	[[4,4]]
L2308	[[4,4],[9,4],[4,9]]
L2309	[[4,4]]
L2310	[[4,4]]
L2311	[[4,14],[10,14],[7,4]]
L2312	[[4,4]]
L2313	[[4,4]]
L2314	[[4,4]]
L2315	[[4,4]]
L2316	[[4,4]]
L2317	[[4,4],[14,4],[24,9]]
L2318	[[4,23]]
L2319	[[4,4]]
L2320	[[4,4]]
L2321	[[4,4]]
L2322	[[4,4]]
L2323	[[4,4],[4,9]]
L2324	[[4,4]]
L2325	[[4,4],[4,8],[10,10]]
L2326	[[4,4]]
L2327	[[4,4]]
L2328	[[4,4],[4,10]]
L2329	[[4,4]]
L2330	[[4,4]]
L2331	[[4,4]]
L2332	[[4,13],[4,7]]
L2333	[[4,4]]
L2334	[[4,4]]
L2335	[[4,4]]
L2336	[[4,4]]
L2337	[[4,4]]
L2338	[[4,4],[15,14]]
L2339	[[4,4]]
L2340	[[4,4],[4,12]]
L2341	[[4,4]]
L2342	[[4,4]]
L2343	[[4,4]]
L2344	[[4,3],[4,10],[4,17],[4,24]]
L2345	[[4,4]]
L2346	[[4,4]]
L2347	[[4,4],[14,4]]
L2348	[[4,4]]
L2349	[[4,4]]
L2350	[[4,4]]
L2351	[[4,4]]
L2352	[[4,4]]
L2353	[[4,4],[4,14]]
L2354	[[4,4]]
L2355	[[4,4]]
L2356	[[4,4]]
L2357	[[4,4]]
L2358	[[4,4]]
L2359	[[4,4]]
L2360	[[4,4],[14,4]]
L2361	[[12,4],[4,4]]
L2362	[[4,4]]
L2363	[[4,4]]
L2364	[[4,4]]
L2365	[[4,4],[7,6],[10,8],[13,10]]
L2366	[[4,4]]
L2367	[[4,4]]
L2368	[[4,4]]
L2369	[[4,4]]
L2370	[[4,4]]
L2371	[[4,4],[14,14]]
L2372	[[4,4]]
L2373	[[4,4]]
L2374	[[4,4],[4,13]]
L2375	[[4,4]]
L2376	[[4,4]]
L2377	[[4,4]]
L2378	[[4,4]]
L2379	[[10,4],[4,4]]
L2380	[[4,4]]
L2381	[[4,4],[4,11],[4,21],[4,30]]
L2382	[[4,4]]
L2383	[[4,4]]
L2384	[[4,4]]
L2385	[[4,4]]
L2386	[[4,16],[4,4]]
L2387	[[4,4]]
L2388	[[4,4]]
L2389	[[4,4]]
L2390	[[4,4]]
L2391	[[4,4]]
L2392	[[4,4]]
L2393	[[4,4]]
L2394	[[14,14],[14,4],[4,4]]
L2395	[[4,4]]
L2396	[[4,4]]
L2397	[[4,4]]
L2398	[[4,4]]
L2399	[[4,4]]
L2400	[[4,4],[4,10]]
L2401	[[4,4]]
L2402	[[4,4]]
L2403	[[4,4]]
L2404	[[4,4]]
L2405	[[4,4],[4,10]]
L2406	[[4,4]]
L2407	[[4,4]]
L2408	[[4,4]]
L2409	[[4,4]]
L2410	[[13,8],[8,12],[4,8],[8,4],[17,8]]
L2411	[[4,4]]
L2412	[[4,4]]
L2413	[[4,4]]
L2414	[[4,4]]
L2415	[[12,14],[7,9],[7,4]]
L2416	[[4,4]]
L2417	[[4,4]]
L2418	[[4,4]]
L2419	[[4,4],[8,8]]
L2420	[[4,4]]
L2421	[[4,4]]
L2422	[[4,4]]
L2423	[[4,4]]
L2424	[[4,4]]
L2425	[[4,3],[4,12]]
L2426	[[4,4]]
L2427	[[4,4]]
L2428	[[3,4],[13,4],[8,10],[8,17]]
L2429	[[4,4]]
L2430	[[4,4]]
L2431	[[4,4]]
L2432	[[4,4]]
L2433	[[4,3],[4,10],[4,16],[12,16],[18,15],[18,9],[11,9]]
L2434	[[4,4]]
L2435	[[4,4]]
L2436	[[4,4],[4,10],[4,17]]
L2437	[[4,4]]
L2438	[[4,4]]
L2439	[[4,4]]
L2440	[[4,4]]
L2441	[[4,4]]
L2442	[[4,4]]
L2443	[[4,13],[4,9],[4,4]]
L2444	[[4,4]]
L2445	[[4,4]]
L2446	[[4,4]]
L2447	[[4,4]]
L2448	[[4,4]]
L2449	[[4,4],[16,14]]
L2450	[[4,4]]
L2451	[[4,15],[4,4]]
L2452	[[4,4]]
L2453	[[4,4]]
L2454	[[4,4]]
L2455	[[4,15],[4,4]]
L2456	[[4,4]]
L2457	[[4,4]]
L2458	[[4,4],[4,13]]
L2459	[[4,4]]
L2460	[[4,4]]
L2461	[[4,4]]
L2462	[[4,4]]
L2463	[[4,4]]
L2464	[[4,4]]
L2465	[[4,4]]
L2466	[[4,4]]
L2467	[[4,4],[15,4],[26,4]]
L2468	[[4,4]]
L2469	[[4,4]]
L2470	[[4,4]]
L2471	[[4,4]]
L2472	[[4,4]]
L2473	[[4,4],[4,9],[4,20]]
L2474	[[4,4]]
L2475	[[4,4]]
L2476	[[4,4]]
L2477	[[4,4]]
L2478	[[4,4]]
L2479	[[4,4],[10,4],[16,4]]
L2480	[[4,4]]
L2481	[[4,4]]
L2482	[[4,4],[4,13]]
L2483	[[4,4]]
L2484	[[4,4]]
L2485	[[4,3],[4,9],[4,10],[4,11],[4,12],[4,13],[4,14],[4,15],[4,16],[4,17],[4,18],[4,19],[4,20],[4,21],[4,22]]
L2486	[[4,10],[4,4]]
L2487	[[4,4],[4,15]]
L2488	[[4,4]]
L2489	[[4,4]]
L2490	[[4,4],[4,10],[4,15],[4,26]]
L2491	[[4,4],[13,4],[17,4]]
L2492	[[4,4]]
L2493	[[4,4]]
L2494	[[4,4],[14,4],[9,13],[9,17],[9,21],[9,24]]
L2495	[[4,4]]
L2496	[[4,4]]
L2497	[[7,7]]
L2498	[[4,4]]
L2499	[[4,4]]
L2500	[[4,31],[4,22],[4,13],[4,4]]
L2501	[[4,4]]
L2502	[[4,22],[4,16],[4,10],[4,4]]
L2503	[[4,4]]
L2504	[[4,4]]
L2505	[[4,4]]
L2506	[[4,4],[4,15]]
L2507	[[4,4]]
L2508	[[4,4]]
L2509	[[4,4]]
L2510	[[4,4]]
L2511	[[4,4]]
L2512	[[4,4]]
L2513	[[4,4]]
L2514	[[4,4]]
L2515	[[4,4],[4,13]]
L2516	[[4,4]]
L2517	[[4,4]]
L2518	[[4,4]]
L2519	[[4,4]]
L2520	[[4,4]]
L2521	[[4,4],[4,17],[4,24]]
L2522	[[4,4]]
L2523	[[4,4]]
L2524	[[4,4]]
L2525	[[4,4]]
L2526	[[4,4]]
L2527	[[4,11],[4,10],[4,9],[4,8],[4,7],[4,6],[4,5],[4,4]]
L2528	[[4,4]]
L2529	[[4,4]]
L2530	[[4,4]]
L2531	[[4,4]]
L2532	[[4,4]]
L2533	[[4,4],[15,4],[15,15],[4,15]]
L2534	[[4,4]]
L2535	[[4,4]]
L2536	[[4,4]]
L2537	[[4,4]]
L2538	[[4,4]]
L2539	[[4,4]]
L2540	[[4,4]]
L2541	[[4,4]]
L2542	[[4,4]]
L2543	[[4,4]]
L2544	[[4,4],[20,4],[44,4]]
L2545	[[4,4]]
L2546	[[4,4]]
L2547	[[4,4]]
L2548	[[4,4],[4,18]]
L2549	[[4,4]]
L2550	[[4,4]]
L2551	[[4,4]]
L2552	[[4,4]]
L2553	[[6,6]]
L2554	[[4,4]]
L2555	[[4,4]]
L2556	[[9,4],[4,16],[12,16]]
L2557	[[4,4]]
L2558	[[4,4]]
L2559	[[4,4]]
L2560	[]
L2561	[[4,4]]
L2562	[[4,4]]
L2563	[[4,4]]
L2564	[[4,4]]
L2565	[[4,4]]
L2566	[[4,4],[9,6],[6,14]]
L2567	[[4,4]]
L2568	[[4,4]]
L2569	[[4,8],[4,4]]
L2570	[[4,4]]
L2571	[[4,4]]
L2572	[[4,4]]
L2573	[[4,4]]
L2574	[[4,4]]
L2575	[[4,4]]
L2576	[[4,4]]
L2577	[]
L2578	[[14,4],[11,4],[4,4]]
L2579	[[4,4]]
L2580	[[4,4]]
L2581	[[4,4]]
L2582	[[4,4]]
L2583	[[4,4]]
L2584	[[4,4]]
L2585	[[8,4],[4,4]]
L2586	[[4,4]]
L2587	[[4,4]]
L2588	[[4,4]]
L2589	[[4,4]]
L2590	[[4,3],[4,10],[4,14]]
L2591	[[4,4]]
L2592	[[4,15],[4,4]]
L2593	[[4,4]]
L2594	[[4,4]]
L2595	[[4,4]]
L2596	[[4,4]]
L2597	[]
L2598	[[4,4]]
L2599	[[4,4],[11,4],[18,4]]
L2600	[[4,4]]
L2601	[[4,4]]
L2602	[]
L2603	[[4,4]]
L2604	[[4,4]]
L2605	[[4,4],[4,16],[4,27]]
L2606	[[4,4]]
L2607	[]
L2608	[[4,4]]
L2609	[[4,4]]
L2610	[[4,14],[4,24]]
L2611	[[4,4]]
L2612	[[4,4]]
L2613	[[4,4]]
L2614	[[4,4],[15,4]]
L2615	[[4,4]]
L2616	[[4,4]]
L2617	[[4,4]]
L2618	[[4,4]]
L2619	[[4,4]]
L2620	[[4,4]]
L2621	[[4,4]]
L2622	[[4,4]]
L2623	[[4,4],[11,4],[14,4]]
L2624	[[4,4]]
L2625	[[4,4]]
L2626	[[4,10],[7,4]]
L2627	[[4,4]]
L2628	[[4,4]]
L2629	[[4,4]]
L2630	[[4,4],[7,7],[10,10]]
L2631	[[4,4]]
L2632	[[4,4]]
L2633	[[4,4]]
L2634	[[4,4],[11,11],[18,4]]
L2635	[[4,4]]
L2636	[[4,4]]
L2637	[[4,4]]
L2638	[[4,4],[4,15],[20,15]]
L2639	[[4,4]]
L2640	[[4,4]]
L2641	[[4,4]]
L2642	[[17,4]]
L2643	[[4,4]]
L2644	[[4,4]]
L2645	[[4,4]]
L2646	[[4,3]]
L2647	[[4,4]]
L2648	[[4,4]]
L2649	[[4,4]]
L2650	[[4,4],[4,8],[4,12]]
L2651	[[4,4]]
L2652	[[4,4]]
L2653	[[4,4]]
L2654	[[4,4]]
L2655	[[4,4]]
L2656	[[8,4],[8,9],[8,10],[8,15]]
L2657	[[4,4]]
L2658	[[4,4]]
L2659	[[4,4]]
L2660	[[4,4]]
L2661	[[9,4],[4,12]]
L2662	[[4,4]]
L2663	[[4,4]]
L2664	[[4,4],[4,15]]
L2665	[[4,4],[4,10]]
L2666	[[4,4]]
L2667	[[4,4]]
L2668	[[4,4]]
L2669	[[4,4]]
L2670	[[4,4]]
L2671	[[4,11],[4,7],[4,4]]
L2672	[[4,4]]
L2673	[[4,4]]
L2674	[[4,4]]
L2675	[[4,4]]
L2676	[[4,4]]
L2677	[[4,4]]
L2678	[[4,4]]
L2679	[[4,4],[15,4]]
L2680	[[4,4]]
L2681	[[4,4]]
L2682	[[4,21],[4,16],[4,12],[4,8],[4,4]]
L2683	[[4,4]]
L2684	[[4,4]]
L2685	[[4,4]]
L2686	[[4,4]]
L2687	[[21,4]]
L2688	[[4,4]]
L2689	[[4,4]]
L2690	[[2,4],[13,4],[24,4]]
L2691	[[4,4]]
L2692	[[4,4]]
L2693	[[4,4]]
L2694	[[4,4]]
L2695	[[4,4]]
L2696	[[4,4]]
L2697	[[4,4]]
L2698	[[4,4],[13,4]]
L2699	[[4,4]]
L2700	[[4,4]]
L2701	[[4,4]]
L2702	[[4,4]]
L2703	[[4,4]]
L2704	[[4,4],[4,14]]
L2705	[[4,4]]
L2706	[[4,4]]
L2707	[[4,4]]
L2708	[[4,4]]
L2709	[[4,4]]
L2710	[[4,10],[4,4]]
L2711	[[4,4]]
L2712	[[4,4]]
L2713	[[4,4],[4,8],[4,15]]
L2714	[[4,4]]
L2715	[[4,4]]
L2716	[[4,4],[4,10],[4,15]]
L2717	[[4,4]]
L2718	[[4,4]]
L2719	[[4,4]]
L2720	[[4,4]]
L2721	[[4,4]]
L2722	[[4,4]]
L2723	[[4,4]]
L2724	[[4,4]]
L2725	[[4,4]]
L2726	[[4,4]]
L2727	[[4,4]]
L2728	[[4,4]]
L2729	[[4,4]]
L2730	[[4,4]]
L2731	[[4,4],[4,14],[4,17]]
L2732	[[4,4]]
L2733	[[4,4]]
L2734	[[4,4],[10,4],[15,4]]
L2735	[[4,4]]
L2736	[[4,4]]
L2737	[[4,4]]
L2738	[[4,4]]
L2739	[[4,4]]
L2740	[[4,4],[4,13],[4,22]]
L2741	[[4,15],[4,14],[4,12],[4,10],[4,8],[4,7],[4,5],[4,4]]
L2742	[[4,4]]
L2743	[[4,4]]
L2744	[[4,4]]
L2745	[[4,4]]
L2746	[[4,16],[4,10],[4,4]]
L2747	[[4,4]]
L2748	[[4,4]]
L2749	[[4,4]]
L2750	[[4,4]]
L2751	[[4,4]]
L2752	[]
L2753	[[4,4]]
L2754	[[4,4]]
L2755	[[4,4],[4,11]]
L2756	[[4,4]]
L2757	[[4,4]]
L2758	[[4,4]]
L2759	[[4,4]]
L2760	[[4,4]]
L2761	[[4,15],[4,4]]
L2762	[[4,4]]
L2763	[[4,4]]
L2764	[[4,23],[4,15],[4,4]]
L2765	[[4,4]]
L2766	[[4,4]]
L2767	[[4,4]]
L2768	[[4,4]]
L2769	[[4,4]]
L2770	[[4,4]]
L2771	[[4,4]]
L2772	[[4,4]]
L2773	[[13,13],[4,13],[4,8],[4,4]]
L2774	[[4,4]]
L2775	[[4,4]]
L2776	[[7,4],[7,10],[3,14],[11,14],[7,18]]
L2777	[[4,4],[9,4]]
L2778	[[4,4]]
L2779	[[4,4]]
L2780	[[4,4]]
L2781	[[4,4]]
L2782	[[4,13],[4,8],[4,4]]
L2783	[[4,4]]
L2784	[[4,4],[9,4],[14,4],[19,4]]
L2785	[[4,4]]
L2786	[[4,4]]
L2787	[[4,4]]
L2788	[[4,4],[11,4],[4,11],[11,11]]
L2789	[[4,4]]
L2790	[[4,4]]
L2791	[[4,4]]
L2792	[[4,4]]
L2793	[[4,4]]
L2794	[[4,12],[4,8],[4,4]]
L2795	[[4,4]]
L2796	[[4,4]]
L2797	[[4,4]]
L2798	[[4,4]]
L2799	[[4,4]]
L2800	[[9,4],[9,8],[9,13],[4,13],[4,9],[4,4]]
L2801	[[4,4]]
L2802	[[4,4],[4,15],[4,24]]
L2803	[[4,4]]
L2804	[[4,4]]
L2805	[[4,4]]
L2806	[[4,4]]
L2807	[[4,4]]
L2808	[[4,1],[9,1],[14,1],[14,8],[9,8],[4,8],[4,6]]
L2809	[]
L2810	[[4,4]]
L2811	[[4,4]]
L2812	[[4,4]]
L2813	[[4,4]]
L2814	[[4,4]]
L2815	[[10,24],[10,13]]
L2816	[[4,4]]
L2817	[[4,4]]
L2818	[[4,4]]
L2819	[[4,4]]
L2820	[[4,4],[4,10]]
L2821	[[4,4],[14,4],[24,4]]
L2822	[[4,4]]
L2823	[[4,4]]
L2824	[[4,4]]
L2825	[[4,4]]
L2826	[[4,24],[4,19],[4,14],[4,9],[4,4]]
L2827	[[4,4]]
L2828	[[4,4]]
L2829	[[4,4]]
L2830	[[4,4],[15,4],[27,4]]
L2831	[[3,3]]
L2832	[[4,4]]
L2833	[[4,4]]
L2834	[[4,4]]
L2835	[[4,4]]
L2836	[[4,4]]
L2837	[[4,4]]
L2838	[[4,4]]
L2839	[[4,4]]
L2840	[[4,4]]
L2841	[[4,30],[4,17],[4,4]]
L2842	[[4,4]]
L2843	[[4,4]]
L2844	[[4,4]]
L2845	[[4,4],[4,10],[4,16]]
L2846	[[4,4]]
L2847	[[4,4]]
L2848	[[4,4]]
L2849	[[4,4]]
L2850	[[4,4]]
L2851	[[4,4],[10,10]]
L2852	[[4,4]]
L2853	[[4,4]]
L2854	[[4,4]]
L2855	[[4,10],[4,4]]
L2856	[[4,4]]
L2857	[[4,16]]
L2858	[[4,4]]
L2859	[[4,4]]
L2860	[[4,4]]
L2861	[[4,4]]
L2862	[[4,4]]
L2863	[[4,4]]
L2864	[]
L2865	[[4,4]]
L2866	[[4,4],[4,14],[4,24]]
L2867	[[4,20]]
L2868	[[4,4]]
L2869	[[4,4]]
L2870	[[4,30]]
L2871	[[4,4],[4,9],[4,14]]
L2872	[[4,4]]
L2873	[]
L2874	[[3,8],[14,8],[25,4]]
L2875	[[4,4]]
L2876	[[4,4]]
L2877	[[4,4]]
L2878	[[4,4]]
L2879	[[4,4]]
L2880	[[4,3],[4,7],[4,12]]
L2881	[[4,4]]
L2882	[[4,4]]
L2883	[[7,6]]
L2884	[[4,4]]
L2885	[[4,4]]
L2886	[[4,4],[9,4],[14,4],[14,9]]
L2887	[[4,4]]
L2888	[[4,4]]
L2889	[[4,4]]
L2890	[[4,4]]
L2891	[[4,4]]
L2892	[[4,4]]
L2893	[[4,4]]
L2894	[[4,4]]
L2895	[[4,4]]
L2896	[[4,4]]
L2897	[[4,4]]
L2898	[]
L2899	[[4,4],[4,9],[4,13],[4,17]]
L2900	[]
L2901	[[4,4]]
L2902	[[4,4]]
L2903	[[4,4]]
L2904	[[4,4]]
L2905	[[4,4]]
L2906	[[4,4]]
L2907	[[4,4]]
L2908	[[4,13],[4,8],[4,7],[4,6],[4,4]]
L2909	[[4,4]]
L2910	[[4,4]]
L2911	[[4,4]]
L2912	[[4,4]]
L2913	[[4,4]]
L2914	[[4,4]]
L2915	[[4,4]]
L2916	[[4,42]]
L2917	[[4,4]]
L2918	[[4,4]]
L2919	[[4,4],[4,11],[4,18]]
L2920	[[4,4]]
L2921	[[4,4]]
L2922	[[4,4]]
L2923	[[4,4]]
L2924	[[4,4]]
L2925	[[4,4]]
L2926	[[4,9],[4,4]]
L2927	[[4,4]]
L2928	[]
L2929	[[4,53]]
L2930	[[4,4]]
L2931	[[4,11],[4,4]]
L2932	[[4,4]]
L2933	[[4,4]]
L2934	[[4,4]]
L2935	[[4,4]]
L2936	[[4,4]]
L2937	[[4,4]]
L2938	[[9,4],[3,14],[12,24]]
L2939	[[4,4]]
L2940	[[4,4],[4,8],[4,18],[4,21]]
L2941	[[4,4]]
L2942	[[4,4]]
L2943	[[4,4]]
L2944	[[4,4]]
L2945	[[4,4]]
L2946	[[4,4],[8,8],[12,12]]
L2947	[[4,4]]
L2948	[[4,4]]
L2949	[[4,18],[4,14],[4,8],[4,4]]
L2950	[[4,4]]
L2951	[[4,9],[4,4]]
L2952	[[4,4]]
L2953	[[4,4]]
L2954	[[4,4]]
L2955	[[4,4]]
L2956	[[7,4],[4,6],[7,10],[12,6]]
L2957	[[4,4]]
L2958	[[4,4]]
L2959	[[4,4]]
L2960	[[4,15],[4,20],[4,25]]
L2961	[[4,14],[4,9],[4,4]]
L2962	[[4,4]]
L2963	[[4,4]]
L2964	[[4,4]]
L2965	[[4,4],[4,5],[4,6],[4,7],[4,8],[4,9],[4,10],[4,11],[4,12],[4,13],[4,14],[4,15],[4,16],[4,17]]
L2966	[[4,4]]
L2967	[[4,4]]
L2968	[[4,4]]
L2969	[[4,4]]
L2970	[[4,4]]
L2971	[[4,4]]
L2972	[[4,4]]
L2973	[[4,4]]
L2974	[[4,4]]
L2975	[[4,4]]
L2976	[[4,19],[4,18],[4,17],[4,16],[4,15],[4,11],[4,10],[4,7],[4,6],[4,5],[4,4]]
L2977	[[4,4]]
L2978	[[4,4]]
L2979	[[4,4]]
L2980	[[14,4],[9,8],[4,9]]
L2981	[[4,4]]
L2982	[[4,4]]
L2983	[[4,14],[4,9],[4,4]]
L2984	[]
L2985	[[4,4]]
L2986	[[4,4]]
L2987	[[4,4]]
L2988	[[4,4]]
L2989	[[4,4],[4,12],[4,19]]
L2990	[[4,4]]
L2991	[[4,4]]
L2992	[[4,4]]
L2993	[[4,4]]
L2994	[[4,4]]
L2995	[[12,4],[12,10],[4,10],[4,4]]
