L 677	[1, 2, 3, 4]
L1125	[1, 2, 3, 4]
L4224	[1, 2, 3, 4]
L4289	[1, 2, 3, 4]
L6666	[1, 2, 3, 4]
L8645	[0, 1, 2, 4]
L8772	[0, 1, 2, 3, 5]
L8870	[0, 2, 3, 4]
L9000	[1, 2, 3, 5]
L9001	[2, 3, 4, 5]
L9004	[2, 3, 4, 5]
L9005	[0, 4, 5]
L9008	[0, 3, 4, 5]
L9009	[1, 3, 4, 5]
L9010	[0, 2, 4]
L9011	[2, 3, 4, 5]
L9012	[1, 2, 3, 4]
L9013	[0, 1, 2, 5]
L9014	[0, 2, 3, 5]
L9015	[1, 3, 4, 5]
L9016	[0, 3, 4, 5]
L9017	[0, 1, 3, 5]
L9018	[2, 3, 4, 5]
L9020	[0, 2, 3, 4]
L9021	[0, 1, 5]
L9022	[0, 3, 4, 5]
L9023	[1, 2, 3, 4, 5]
L9024	[1, 2, 3, 4]
L9025	[2, 3, 4, 5]
L9026	[1, 2, 3, 5]
L9027	[0, 1, 2, 3, 5]
L9029	[1, 2, 4, 5]
L9031	[1, 2, 3, 4]
L9032	[0, 1, 3, 5]
L9033	[1, 2, 3, 5]
L9034	[0, 1, 4, 5]
L9035	[0, 1, 2, 3, 5]
L9036	[1, 2, 4, 5]
L9037	[1, 2, 3, 4]
L9038	[0, 1, 4, 5]
L9039	[0, 1, 3, 5]
L9040	[0, 1, 3, 4]
L9041	[0, 2, 4, 5]
L9042	[1, 3, 4, 5]
L9043	[0, 1, 4, 5]
L9044	[0, 2, 3, 5]
L9045	[0, 1, 3, 5]
L9046	[1, 2, 3, 5]
L9047	[2, 3, 4, 5]
L9048	[0, 3, 4, 5]
L9050	[0, 2, 4, 5]
L9051	[0, 2, 3, 5]
L9052	[0, 1, 2, 4, 5]
L9053	[1, 3, 4, 5]
L9054	[2, 3, 4, 5]
L9055	[0, 1, 3, 4]
L9057	[1, 2, 3, 4]
L9058	[0, 2, 4, 5]
L9059	[0, 3, 4, 5]
L9060	[0, 1, 3, 5]
L9062	[0, 1, 4, 5]
L9063	[0, 1, 3, 4]
L9065	[2, 3, 4, 5]
L9066	[2, 3, 4, 5]
L9067	[0, 1, 2, 4]
L9069	[0, 2, 4, 5]
L9070	[0, 3, 4, 5]
L9071	[1, 2, 3, 4]
L9073	[2, 3, 4, 5]
L9074	[1, 3, 4, 5]
L9075	[0, 2, 3, 4]
L9077	[0, 1, 3, 5]
L9078	[0, 1, 3, 4]
L9079	[0, 1, 4, 5]
L9080	[1, 3, 4, 5]
L9081	[1, 2, 3]
L9082	[0, 1, 3, 5]
L9083	[0, 2, 3, 4, 5]
L9085	[0, 2, 3, 4]
L9087	[0, 2, 4, 5]
L9088	[0, 2, 4]
L9090	[0, 2, 4, 5]
L9091	[2, 3, 5]
L9092	[1, 2, 4, 5]
L9094	[1, 2, 3, 5]
L9096	[0, 1, 2, 4]
L9097	[0, 1, 4, 5]
L9098	[0, 2, 3, 5]
L9099	[1, 2, 4, 5]
L9100	[1, 3, 4, 5]
L9101	[1, 2, 3, 4]
L9102	[0, 1, 2, 5]
L9103	[0, 1, 3, 4]
L9104	[1, 2, 3, 5]
L9105	[0, 1, 2, 4]
L9106	[1, 2, 4, 5]
L9107	[1, 2, 3, 5]
L9108	[0, 1, 3, 4]
L9109	[0, 1, 2, 5]
L9110	[0, 1, 3, 5]
L9111	[1, 3, 4, 5]
L9112	[0, 1, 2, 4, 5]
L9113	[0, 1, 3, 4, 5]
L9114	[0, 1, 3, 5]
L9115	[1, 2, 3, 5]
L9116	[1, 2, 3, 5]
L9117	[0, 1, 2, 4]
L9118	[0, 1, 3, 4, 5]
L9120	[1, 3, 4, 5]
L9122	[1, 2, 3, 5]
L9123	[1, 2, 3, 4, 5]
L9124	[1, 2, 3, 5]
L9125	[0, 1, 3, 5]
L9129	[0, 1, 3, 5]
L9137	[1, 2, 3, 5]
L9140	[0, 2, 3, 5]
L9141	[0, 2, 3, 5]
L9142	[0, 1, 3, 5]
L9143	[1, 3, 4, 5]
L9144	[0, 1, 3, 4, 5]
L9145	[0, 1, 2, 5]
L9147	[0, 1, 2, 4, 5]
L9148	[0, 1, 2, 3, 5]
L9149	[1, 2, 3, 4, 5]
L9150	[0, 1, 3, 4, 5]
L9151	[0, 1, 2, 3, 5]
L9152	[0, 1, 3, 5]
L9153	[1, 3, 4, 5]
L9154	[0, 2, 3, 5]
L9155	[0, 1, 2, 4]
L9158	[0, 2, 3, 5]
L9161	[0, 1, 3, 5]
L9166	[0, 2, 3, 5]
L9167	[0, 1, 3, 4]
L9168	[0, 2, 3, 5]
L9169	[0, 3, 4, 5]
L9170	[0, 1, 2, 3, 5]
L9171	[0, 2, 3, 5]
L9172	[1, 2, 3, 4, 5]
L9173	[0, 1, 2, 3, 5]
L9174	[0, 1, 2, 3, 5]
L9175	[1, 2, 3, 4, 5]
L9176	[0, 1, 3, 4, 5]
L9177	[0, 1, 3, 5]
L9178	[0, 2, 3, 4, 5]
L9179	[1, 2, 3, 4]
L9180	[0, 1, 3, 5]
L9181	[0, 1, 3, 4]
L9182	[0, 1, 4, 5]
L9183	[0, 1, 2, 5]
L9184	[1, 2, 3, 5]
L9185	[0, 2, 3, 5]
L9186	[0, 1, 3, 5]
L9187	[0, 1, 2, 3, 5]
L9199	[0, 1, 3, 5]
L9201	[1, 2, 3, 5]
L9202	[0, 1, 3, 4, 5]
L9203	[1, 2, 3, 4]
L9204	[0, 1, 2, 4, 5]
L9205	[0, 1, 3, 4, 5]
L9206	[0, 2, 3, 5]
L9207	[1, 2, 3, 4, 5]
L9208	[1, 2, 3, 5]
L9209	[0, 1, 3, 4, 5]
L9210	[0, 1, 3, 5]
L9211	[0, 1, 2, 3, 5]
L9212	[0, 1, 4, 5]
L9213	[0, 1, 4, 5]
L9214	[0, 1, 4, 5]
L9215	[0, 1, 3, 5]
L9220	[0, 1, 3, 5]
L9221	[0, 1, 2, 3, 5]
L9222	[0, 1, 2, 4]
L9226	[0, 1, 2, 5]
L9231	[0, 1, 3, 4, 5]
L9232	[0, 1, 3, 5]
L9233	[0, 1, 3, 5]
L9234	[0, 1, 4, 5]
L9235	[0, 1, 3, 4]
L9236	[0, 1, 3, 4, 5]
L9237	[0, 1, 3, 4, 5]
L9238	[0, 1, 3, 4, 5]
L9239	[0, 1, 3, 5]
L9240	[1, 2, 3, 5]
L9241	[0, 1, 3, 4, 5]
L9242	[0, 1, 4, 5]
L9243	[0, 1, 3, 4]
L9244	[0, 1, 2, 4]
L9245	[1, 2, 3, 5]
L9252	[0, 1, 2, 4]
L9262	[1, 3, 4, 5]
L9264	[1, 2, 3, 5]
L9265	[0, 1, 3, 5]
L9266	[0, 2, 4, 5]
L9267	[2, 3, 4, 5]
L9268	[1, 2, 3, 4, 5]
L9270	[0, 1, 3, 5]
L9272	[1, 2, 3, 4]
L9273	[1, 2, 3, 4, 5]
L9274	[0, 1, 2, 4]
L9275	[0, 1, 2, 3, 5]
L9276	[0, 1, 4, 5]
L9285	[0, 1, 2, 3, 5]
L9291	[1, 3, 4, 5]
L9292	[0, 1, 3, 4, 5]
L9294	[0, 1, 4, 5]
L9295	[0, 1, 2, 3, 5]
L9296	[0, 1, 3, 4]
L9297	[1, 2, 3, 4, 5]
L9298	[0, 3, 4, 5]
L9301	[0, 1, 3, 5]
L9302	[0, 1, 2, 3, 5]
L9304	[0, 1, 3, 4, 5]
L9305	[0, 3, 4, 5]
L9306	[0, 1, 3, 5]
L9308	[0, 1, 2, 4]
L9311	[0, 2, 3, 5]
L9314	[0, 1, 2, 3, 5]
L9321	[0, 1, 3, 4, 5]
L9323	[0, 1, 3, 4, 5]
L9324	[1, 2, 3, 5]
L9326	[0, 1, 2, 3, 5]
L9327	[0, 1, 3, 4, 5]
L9328	[1, 2, 3, 4, 5]
L9329	[0, 1, 2, 3, 5]
L9330	[0, 1, 3, 5]
L9331	[0, 1, 3, 4, 5]
L9332	[0, 1, 3, 4, 5]
L9333	[0, 1, 2, 3, 5]
L9334	[1, 2, 3, 4, 5]
L9335	[0, 1, 3, 5]
L9337	[0, 1, 3, 4, 5]
L9343	[0, 1, 3, 5]
L9351	[1, 2, 4, 5]
L9352	[0, 1, 2, 3, 5]
L9354	[2, 3, 4, 5]
L9355	[0, 1, 2, 3, 5]
L9356	[0, 1, 2, 5]
L9357	[2, 3, 4, 5]
L9358	[1, 2, 4, 5]
L9359	[1, 2, 3, 4, 5]
L9360	[1, 3, 4, 5]
L9361	[0, 1, 2, 3, 5]
L9362	[0, 1, 2, 4, 5]
L9363	[0, 1, 3, 4, 5]
L9366	[0, 1, 3, 4, 5]
L9368	[0, 1, 3, 5]
L9369	[0, 1, 3, 4, 5]
L9371	[1, 2, 3, 5]
L9372	[0, 1, 2, 3, 5]
L9374	[0, 1, 3, 5]
L9375	[1, 2, 3, 5]
L9376	[0, 1, 3, 5]
L9377	[1, 2, 3, 4, 5]
L9378	[1, 2, 3, 5]
L9380	[2, 3, 5]
L9381	[1, 2, 3, 5]
L9382	[0, 1, 2, 5]
L9383	[2, 3, 4]
L9384	[0, 1, 2, 3, 5]
L9385	[0, 1, 2, 3, 5]
L9386	[1, 2, 3, 5]
L9387	[1, 2, 3, 5]
L9388	[1, 2, 3, 4, 5]
L9391	[0, 1, 4, 5]
L9392	[0, 1, 4, 5]
L9394	[0, 1, 2, 4, 5]
L9395	[2, 3, 4, 5]
L9396	[0, 1, 4, 5]
L9397	[0, 2, 3, 5]
L9398	[0, 1, 2, 5]
L9399	[0, 1, 3, 4]
L9401	[2, 3, 4, 5]
L9403	[0, 2, 3, 5]
L9404	[0, 1, 3, 4]
L9408	[0, 1, 3, 4]
L9411	[1, 3, 4, 5]
L9412	[0, 3, 4, 5]
L9416	[0, 1, 2, 3, 5]
L9418	[0, 1, 2, 5]
L9420	[1, 2, 3, 4, 5]
L9421	[3, 4, 5]
L9422	[0, 1, 3, 5]
L9424	[0, 1, 2, 3, 5]
L9426	[2, 3, 4, 5]
L9427	[1, 2, 3, 5]
L9428	[2, 3, 4, 5]
L9430	[2, 3, 4, 5]
L9432	[2, 3, 4, 5]
L9433	[1, 2, 3, 4, 5]
L9434	[0, 1, 2, 4]
L9440	[0, 1, 3, 5]
L9442	[1, 2, 3, 5]
L9443	[1, 2, 3, 4]
L9444	[1, 2, 4, 5]
L9445	[0, 1, 2, 3, 5]
L9447	[0, 2, 3, 5]
L9448	[0, 1, 2, 3, 5]
L9450	[1, 3, 4, 5]
L9451	[2, 3, 4, 5]
L9452	[0, 1, 2, 3, 5]
L9455	[0, 1, 3, 4, 5]
L9456	[1, 2, 3, 4]
L9457	[0, 3, 4, 5]
L9458	[0, 1, 3, 4]
L9459	[2, 3, 4, 5]
L9463	[0, 2, 3, 4, 5]
L9464	[1, 2, 3, 4]
L9465	[1, 2, 4, 5]
L9466	[0, 1, 3, 4]
L9467	[0, 1, 3, 4]
L9471	[2, 3, 4, 5]
L9472	[0, 1, 3, 4, 5]
L9473	[0, 1, 2, 3, 5]
L9474	[0, 1, 4, 5]
L9475	[1, 2, 3, 4, 5]
L9476	[0, 1, 4, 5]
L9477	[3, 4, 5]
L9478	[0, 1, 3, 4, 5]
L9479	[0, 3]
L9480	[0, 1, 3, 4, 5]
L9482	[0, 2, 4, 5]
L9483	[4, 5]
L9485	[0, 2, 3, 4, 5]
L9486	[1, 2, 3, 4]
L9487	[0, 2, 3, 4]
L9489	[0, 1, 2, 3, 5]
L9490	[0, 1, 3, 4]
L9494	[0, 1, 2, 3, 5]
L9497	[0, 1, 3, 4, 5]
L9499	[2, 3, 4, 5]
L9501	[1, 2, 3, 4, 5]
L9502	[1, 2, 3, 4]
L9505	[1, 2, 3, 5]
L9506	[3, 4, 5]
L9508	[0, 1, 3, 4, 5]
L9509	[2, 3, 4, 5]
L9511	[0, 1, 3, 4]
L9513	[0, 1, 3, 4]
L9514	[0, 1, 2, 3, 5]
L9515	[2, 3, 4, 5]
L9517	[0, 1, 3, 4, 5]
L9519	[1, 2, 3, 4]
L9520	[0, 1, 3, 4, 5]
L9521	[0, 1, 3, 4]
L9523	[0, 1, 3, 4]
L9524	[2, 3, 4, 5]
L9525	[1, 2, 3, 5]
L9526	[0, 1, 2, 4]
L9528	[0, 1, 3, 4, 5]
L9529	[0, 2, 3, 4, 5]
L9531	[0, 1, 2, 3, 5]
L9532	[0, 1, 3, 4, 5]
L9533	[0, 1, 2, 3, 5]
L9535	[0, 1, 3, 4, 5]
L9536	[0, 2, 3, 4]
L9538	[2, 3, 4, 5]
L9539	[1, 2, 3]
L9540	[1, 2, 4, 5]
L9543	[0, 1, 2, 4]
L9544	[0, 2, 3, 5]
L9545	[2, 4, 5]
L9546	[0, 1, 3, 4]
L9547	[1, 2, 3, 4]
L9548	[0, 2, 3, 4]
L9549	[2, 3, 4, 5]
L9550	[1, 2, 3, 4]
L9551	[0, 1, 3, 4]
L9554	[0, 1, 2, 5]
L9557	[0, 1, 3, 4]
L9561	[0, 1, 2, 3, 5]
L9562	[0, 1, 4, 5]
L9563	[3, 5]
L9564	[1, 2, 3, 4]
L9565	[0, 1, 3, 4, 5]
L9566	[0, 1, 3, 4]
L9567	[0, 1, 3, 4, 5]
L9568	[0, 1, 3, 4]
L9569	[1, 2, 3]
L9570	[2, 3, 4]
L9571	[0, 1, 3, 4]
L9575	[0, 1, 2, 3, 5]
L9577	[0, 1, 2, 4]
L9578	[0, 1, 3, 5]
L9580	[0, 1, 3, 4]
L9585	[0, 2, 3, 5]
L9586	[0, 1, 3, 4]
L9588	[1, 3, 4, 5]
L9589	[0, 1, 4, 5]
L9590	[2, 3, 4, 5]
L9591	[0, 1, 2, 3, 5]
L9592	[0, 1, 2, 4, 5]
L9593	[0, 1, 2, 3, 5]
L9594	[0, 1, 2, 3, 5]
L9595	[0, 1, 3, 4]
L9598	[1, 2, 3, 4, 5]
L9599	[0, 1, 4, 5]
L9600	[1, 2, 3, 5]
L9601	[2, 3, 4, 5]
L9602	[0, 1, 3, 5]
L9604	[1, 2, 3, 4]
L9605	[0, 2, 3, 5]
L9607	[0, 2, 3, 4, 5]
L9611	[0, 1, 2, 3, 5]
L9613	[1, 2, 3, 5]
L9618	[0, 1, 3, 4]
L9620	[2, 3, 4, 5]
L9621	[0, 1, 3, 4, 5]
L9623	[0, 1, 3, 4, 5]
L9624	[0, 1, 3, 4]
L9625	[0, 1, 2, 3, 5]
L9626	[0, 1, 2, 3, 5]
L9627	[0, 1, 4, 5]
L9628	[0, 1, 2, 3, 5]
L9629	[0, 1, 4, 5]
L9631	[0, 2, 3, 5]
L9633	[0, 1, 3, 4, 5]
L9634	[0, 2, 3, 4, 5]
L9635	[0, 1, 4, 5]
L9636	[0, 1, 3, 4]
L9637	[1, 3, 4, 5]
L9638	[0, 1, 3, 4, 5]
L9640	[1, 2, 3, 4]
L9641	[0, 1, 4, 5]
L9643	[0, 1, 2, 3, 5]
L9644	[1, 3, 4, 5]
L9645	[2, 3, 4, 5]
L9646	[0, 1, 2, 3, 5]
L9649	[0, 2, 3, 4, 5]
L9650	[0, 1, 3, 4]
L9654	[0, 1, 3, 4, 5]
L9656	[0, 1, 3, 4]
L9658	[1, 2, 3, 5]
L9659	[0, 1, 3, 4]
L9661	[0, 2, 3, 4, 5]
L9662	[0, 1, 2, 4]
L9663	[0, 1, 3, 4, 5]
L9664	[0, 1, 3, 4]
L9666	[1, 2, 3]
L9667	[0, 1, 3, 4, 5]
L9668	[0, 2, 3, 4]
L9669	[1, 3, 4, 5]
L9670	[0, 1, 2, 3, 5]
L9671	[0, 1, 3, 5]
L9672	[0, 1, 4, 5]
L9674	[2, 3, 4, 5]
L9675	[0, 1, 4, 5]
L9676	[0, 1, 2, 3, 5]
L9678	[0, 3, 4, 5]
L9679	[1, 2, 3, 5]
L9681	[1, 2, 3, 4, 5]
L9683	[1, 2, 3, 4]
L9685	[0, 1, 2, 4, 5]
L9687	[0, 2, 3, 4, 5]
L9688	[0, 1, 2, 4]
L9692	[0, 2, 3, 4, 5]
L9696	[1, 2, 3, 5]
L9697	[1, 2, 3, 4, 5]
L9698	[2, 3, 4, 5]
L9699	[0, 2, 3, 5]
L9701	[0, 1, 4, 5]
L9702	[0, 1, 2, 4, 5]
L9703	[0, 1, 3, 4, 5]
L9705	[5]
L9706	[1, 2, 3, 5]
L9709	[0, 1, 3, 4, 5]
L9711	[2, 3, 4, 5]
L9712	[1, 2, 3, 4]
L9713	[1, 2, 3, 4]
L9716	[1, 2, 3, 4, 5]
L9720	[0, 1, 3, 4]
L9721	[0, 2, 3, 4]
L9725	[2, 3, 4, 5]
L9726	[1, 2, 3, 5]
L9727	[0, 1, 2, 3, 5]
L9728	[0, 1, 3, 5]
L9729	[2, 3, 4, 5]
L9730	[0, 1, 2, 3, 5]
L9731	[0, 1, 3, 5]
L9732	[0, 1, 3, 5]
L9733	[0, 1, 3, 4, 5]
L9734	[0, 1, 4, 5]
L9735	[1, 2, 3, 5]
L9736	[0, 1, 3, 4, 5]
L9737	[0, 1, 3, 4, 5]
L9738	[0, 2, 3, 4, 5]
L9739	[0, 2, 3, 4, 5]
L9740	[1, 2, 3, 5]
L9741	[0, 1, 4, 5]
L9742	[0, 2, 4, 5]
L9743	[1, 2, 4, 5]
L9744	[1, 2, 3, 4, 5]
L9747	[0, 3, 5]
L9748	[0, 1, 2, 4]
L9750	[0, 1, 2, 4]
L9751	[0, 1, 3, 4]
L9756	[2, 3, 4, 5]
L9758	[0, 1, 3, 4, 5]
L9759	[0, 2, 3, 4, 5]
L9762	[0, 1, 3, 4, 5]
L9763	[0, 1, 2, 3, 5]
L9765	[0, 1, 2, 3, 5]
L9766	[0, 1, 3, 4, 5]
L9769	[0, 1, 2, 4, 5]
L9771	[3, 4, 5]
L9772	[0, 1, 3, 4, 5]
L9773	[1, 2, 3, 4]
L9774	[1, 3, 4, 5]
L9779	[1, 2, 3, 4, 5]
L9782	[0, 1, 4, 5]
L9788	[0, 2, 3, 4, 5]
L9789	[0, 1, 2, 4]
L9790	[0, 1, 3, 4, 5]
L9793	[0, 1, 4, 5]
L9796	[0, 1, 3, 4, 5]
L9799	[1, 2, 3, 4, 5]
L9801	[0, 1, 3, 5]
L9802	[0, 1, 3, 4, 5]
L9804	[1, 2, 3, 4]
L9806	[1, 2, 3, 4]
L9807	[0, 2, 3, 5]
L9808	[0, 1, 2, 4]
L9809	[0, 1, 3, 4]
L9812	[0, 1, 3, 4]
L9815	[2, 3, 4, 5]
L9816	[0, 2, 3, 5]
L9817	[0, 1, 2, 3, 5]
L9818	[1, 3, 5]
L9820	[1, 2, 3, 4, 5]
L9821	[0, 2, 3, 4, 5]
L9822	[0, 1, 3, 5]
L9824	[2, 3, 4, 5]
L9825	[2, 3, 4, 5]
L9827	[0, 2, 3, 4, 5]
L9829	[0, 1, 3, 4, 5]
L9831	[2, 3, 4, 5]
L9832	[1, 2, 3, 4]
L9833	[2, 3, 4, 5]
L9834	[0, 1, 4, 5]
L9835	[1, 2, 3, 4, 5]
L9836	[0, 1, 3, 4]
L9837	[2, 3, 4, 5]
L9838	[2, 3, 4, 5]
L9840	[1, 2, 3, 4]
L9842	[0, 1, 4, 5]
L9845	[2, 3, 4, 5]
L9846	[2, 3, 4, 5]
L9847	[0, 1, 3, 4, 5]
L9848	[0, 1, 4, 5]
L9850	[2, 3, 4, 5]
L9852	[0, 1, 3, 5]
L9855	[0, 1, 2, 4]
L9856	[0, 1, 4, 5]
L9857	[1, 2, 3, 5]
L9859	[0, 2, 3, 4, 5]
L9862	[0, 1, 3, 4]
L9863	[0, 3, 4, 5]
L9864	[0, 1, 3, 4]
L9866	[0, 1, 2, 4]
L9867	[0, 1, 4, 5]
L9868	[0, 1, 4, 5]
L9869	[0, 1, 2, 4, 5]
L9870	[0, 1, 4, 5]
L9871	[0, 1, 3, 4, 5]
L9872	[2, 3, 4, 5]
L9873	[1, 2, 3]
L9875	[2, 3, 4, 5]
L9878	[1, 2, 3, 4]
L9880	[0, 2, 4, 5]
L9881	[0, 2, 3, 4]
L9882	[2, 3, 4, 5]
L9883	[0, 1, 2, 3, 5]
L9884	[1, 2, 3, 4]
L9886	[0, 1, 3, 4, 5]
L9889	[0, 1, 2, 3, 5]
L9892	[1, 2, 3, 4]
L9894	[1, 2, 3, 4]
L9896	[0, 3, 4, 5]
L9897	[2, 3, 4, 5]
L9898	[2, 3, 4, 5]
L9902	[1, 3, 4, 5]
L9903	[0, 3, 5]
L9907	[0, 1, 3, 4, 5]
L9908	[0, 1, 3, 4, 5]
L9910	[0, 3, 4, 5]
L9911	[1, 2, 3, 4, 5]
L9912	[0, 2, 3, 4, 5]
L9913	[0, 1, 3, 4, 5]
L9914	[0, 2, 3, 4]
L9915	[0, 2, 3, 4, 5]
L9916	[1, 2, 4, 5]
L9918	[0, 2, 3, 5]
L9919	[0, 1, 2, 4, 5]
L9920	[0, 1, 2, 4, 5]
L9921	[0, 1, 4, 5]
L9922	[2, 3, 4, 5]
L9923	[0, 2, 3, 4]
L9924	[0, 1, 4, 5]
L9925	[1, 2, 3, 4, 5]
L9926	[0, 2, 3, 5]
L9927	[0, 2, 4, 5]
L9937	[0, 2, 3, 4, 5]
L9942	[0, 1, 3, 4]
L9944	[0, 1, 4, 5]
L9951	[0, 2, 3, 5]
L9954	[0, 2, 3, 4]
L9955	[0, 3, 4, 5]
L9956	[0, 2, 3, 4, 5]
L9957	[0, 2, 3, 4, 5]
L9959	[0, 2, 3, 4, 5]
L9960	[0, 2, 3, 4]
L9961	[0, 1, 2, 5]
L9962	[0, 1, 3, 4, 5]
L9963	[0, 1, 2, 4, 5]
L9965	[0, 1, 3, 4, 5]
L9967	[0, 2, 3, 4, 5]
L9969	[0, 1, 3, 5]
L9970	[0, 1, 2, 3, 5]
L9971	[0, 1, 2, 4, 5]
L9976	[0, 1, 4, 5]
L9977	[0, 1, 3, 4]
L9979	[0, 1, 2, 4]
L9982	[1, 2, 3, 4, 5]
L9983	[0, 1, 4, 5]
L9984	[0, 1, 3, 5]
L9985	[0, 1, 3, 4]
L9988	[0, 1, 3, 5]
L9990	[1, 3, 4, 5]
L9993	[0, 2, 3, 4, 5]
L9994	[1, 2, 3, 4, 5]
L9995	[0, 1, 2, 3, 5]
L9996	[0, 1, 3, 4, 5]
L9998	[2, 3, 4, 5]
L10001	[0, 2, 3, 4]
L10002	[0, 1, 3, 4, 5]
L10003	[1, 2, 3, 4]
L10004	[0, 1, 3, 4, 5]
L10005	[1, 2, 3, 4, 5]
L10006	[2, 3, 4, 5]
L10007	[1, 2, 3, 4]
L10008	[1, 2, 3, 4, 5]
L10010	[0, 1, 4, 5]
L10012	[0, 2, 4, 5]
L10013	[0, 1, 3, 4, 5]
L10014	[0, 1, 2, 3, 5]
L10016	[1, 3, 4, 5]
L10017	[0, 1, 3, 4]
L10018	[0, 1, 2, 4, 5]
L10021	[1, 3, 4, 5]
L10023	[0, 1, 4, 5]
L10026	[0, 1, 2, 5]
L10027	[0, 1, 3, 4]
L10030	[0, 1, 2, 4, 5]
L10031	[2, 3, 4, 5]
L10032	[0, 1, 2, 4]
L10033	[0, 1, 2, 4]
L10035	[0, 1, 4, 5]
L10036	[0, 1, 3, 4, 5]
L10041	[0, 1, 2, 4, 5]
L10042	[0, 2, 3, 5]
L10043	[0, 2, 3, 4]
L10044	[1, 3, 4, 5]
L10045	[0, 2, 4, 5]
L10047	[0, 2, 4, 5]
L10049	[0, 3, 4, 5]
L10051	[0, 1, 2, 3, 5]
L10054	[0, 2, 3, 4, 5]
L10055	[0, 1, 2, 4, 5]
L10057	[0, 1, 4, 5]
L10058	[1, 2, 3, 4]
L10061	[1, 3, 4, 5]
L10063	[0, 1, 2, 4, 5]
L10065	[0, 1, 3, 4]
L10066	[0, 1, 2, 3, 5]
L10067	[0, 1, 4, 5]
L10071	[0, 1, 2, 3, 5]
L10072	[2, 3, 4, 5]
L10073	[0, 2, 3, 5]
L10074	[1, 2, 3, 4]
L10075	[0, 1, 2, 3, 5]
L10076	[0, 2, 3, 4]
L10080	[0, 1, 4, 5]
L10082	[0, 1, 3, 4, 5]
L10087	[0, 1, 3, 4]
L10088	[0, 1, 4, 5]
L10089	[1, 2, 3, 4, 5]
L10090	[0, 3, 4, 5]
L10091	[1, 2, 3, 4, 5]
L10092	[2, 3, 4, 5]
L10095	[1, 2, 3, 4, 5]
L10097	[0, 2, 4, 5]
L10101	[0, 1, 3, 4]
L10102	[0, 1, 3, 4]
L10106	[0, 1, 3, 4, 5]
L10107	[0, 1, 3, 4, 5]
L10108	[0, 1, 3, 4, 5]
L10110	[0, 1, 4, 5]
L10111	[0, 2, 3, 5]
L10113	[0, 1, 4, 5]
L10115	[1, 2, 3, 4, 5]
L10116	[2, 3, 4, 5]
L10117	[1, 2, 3, 4]
L10118	[2, 3, 4, 5]
L10119	[1, 2, 3, 4]
L10121	[0, 1, 2, 3, 5]
L10122	[0, 2, 3, 4, 5]
L10124	[0, 1, 2, 4]
L10125	[1, 2, 3, 4, 5]
L10126	[2, 3, 4, 5]
L10127	[0, 1, 2, 3, 5]
L10128	[0, 1, 3, 4]
L10129	[1, 2, 3, 4, 5]
L10131	[0, 3, 4, 5]
L10134	[0, 1, 4, 5]
L10135	[2, 3, 4, 5]
L10136	[1, 2, 3, 4]
L10138	[0, 1, 2, 3, 5]
L10139	[0, 1, 2, 4, 5]
L10141	[0, 1, 3, 4, 5]
L10143	[1, 2, 3, 4, 5]
L10146	[1, 2, 3, 4, 5]
L10147	[0, 2, 3, 4, 5]
L10148	[1, 2, 3, 4, 5]
L10149	[0, 1, 2, 3, 5]
L10151	[0, 1, 3, 4]
L10152	[0, 1, 2, 4, 5]
L10153	[1, 2, 3, 4, 5]
L10158	[1, 2, 3, 4]
L10159	[0, 1, 2, 4, 5]
L10160	[0, 1, 2, 4]
L10162	[2, 3, 4, 5]
L10163	[0, 1, 2, 4]
L10164	[0, 1, 2, 4, 5]
L10166	[2, 3, 4, 5]
L10167	[0, 3, 4, 5]
L10169	[0, 1, 4, 5]
L10170	[1, 2, 3, 4]
L10171	[1, 2, 3, 4]
L10173	[1, 3, 4, 5]
L10175	[0, 1, 2, 4, 5]
L10179	[1, 2, 3, 4]
L10180	[1, 2, 3, 4]
L10181	[0, 1, 4, 5]
L10183	[2, 3, 4, 5]
L10184	[0, 1, 3, 4]
L10185	[2, 3, 4, 5]
L10189	[1, 2, 3, 4, 5]
L10190	[0, 1, 3, 4]
L10192	[0, 2, 3, 4, 5]
L10195	[0, 1, 2, 3, 5]
L10197	[1, 2, 3, 4]
L10199	[2, 3, 4, 5]
L10202	[0, 2, 3, 4]
L10204	[0, 2, 3, 4, 5]
L10205	[0, 1, 4, 5]
L10208	[0, 1, 3, 4, 5]
L10210	[0, 1, 3, 4, 5]
L10211	[1, 2, 3, 4]
L10212	[2, 3, 4, 5]
L10214	[0, 1, 4, 5]
L10217	[1, 2, 3, 4]
L10219	[0, 1, 3, 4]
L10220	[1, 2, 3, 4]
L10221	[0, 1, 3, 4, 5]
L10222	[0, 1, 3, 4, 5]
L10223	[0, 1, 3, 4, 5]
L10224	[2, 3, 4, 5]
L10225	[0, 1, 2, 3, 5]
L10226	[2, 3, 4, 5]
L10227	[1, 2, 3, 4, 5]
L10228	[0, 1, 2, 4, 5]
L10229	[0, 2, 3, 4]
L10230	[1, 2, 3, 4]
L10231	[0, 1, 3, 4]
L10236	[1, 2, 3, 4, 5]
L10237	[0, 1, 3, 4, 5]
L10238	[1, 2, 3, 4]
L10239	[2, 3, 4, 5]
L10240	[1, 2, 3, 4, 5]
L10241	[1, 2, 3, 4]
L10242	[0, 2, 3, 4, 5]
L10243	[1, 2, 3, 4]
L10245	[1, 2, 3, 4]
L10249	[1, 2, 3, 4, 5]
L10251	[0, 1, 2, 3, 5]
L10252	[1, 2, 3, 4]
L10253	[1, 2, 3, 4]
L10254	[0, 2, 3, 4]
L10255	[0, 1, 2, 3, 5]
L10256	[2, 3, 4, 5]
L10257	[1, 2, 3, 4]
L10258	[0, 1, 2, 4]
L10259	[1, 2, 3, 4]
L10260	[1, 2, 3, 4]
L10261	[1, 2, 3, 4, 5]
L10264	[0, 2, 3, 4, 5]
L10267	[1, 2, 3, 4, 5]
L10268	[0, 1, 3, 4]
L10269	[2, 3, 4, 5]
L10273	[0, 2, 3, 4, 5]
L10274	[1, 2, 3, 4]
L10276	[2, 3, 4, 5]
L10277	[0, 2, 3, 4, 5]
L10278	[1, 2, 3, 4, 5]
L10279	[0, 1, 3, 4, 5]
L10280	[0, 2, 3, 4, 5]
L10281	[0, 1, 3, 5]
L10282	[0, 1, 3, 4]
L10283	[1, 2, 3, 4]
L10285	[0, 2, 3, 4]
L10286	[1, 2, 3, 4, 5]
L10287	[1, 2, 3, 4]
L10289	[0, 3, 4, 5]
L10291	[2, 3, 4, 5]
L10292	[1, 2, 3, 4, 5]
L10293	[1, 2, 3, 4]
L10296	[0, 1, 4, 5]
L10297	[0, 1, 2, 4]
L10298	[2, 3, 4, 5]
L10299	[1, 2, 3, 4, 5]
L10301	[1, 2, 3, 4]
L10302	[0, 1, 3, 5]
L10303	[0, 1, 3, 4]
L10304	[1, 2, 3, 4]
L10305	[1, 2, 3, 4]
L10306	[1, 2, 4, 5]
L10307	[0, 2, 3, 5]
L10311	[1, 2, 3, 4, 5]
L10314	[0, 1, 4, 5]
L10315	[2, 3, 4, 5]
L10316	[1, 2, 3, 4, 5]
L10319	[1, 2, 3, 4]
L10320	[1, 2, 3, 4]
L10323	[1, 2, 4, 5]
L10325	[1, 2, 3, 5]
L10326	[0, 1, 3, 4]
L10327	[1, 2, 3, 4, 5]
L10330	[0, 2, 3, 4, 5]
L10332	[0, 1, 2, 3, 5]
L10333	[0, 1, 4, 5]
L10334	[1, 2, 3, 4, 5]
L10335	[0, 1, 4, 5]
L10336	[0, 1, 3, 5]
L10337	[0, 1, 3, 4, 5]
L10338	[0, 3, 4, 5]
L10340	[0, 2, 3, 4, 5]
L10342	[1, 2, 3, 4]
L10344	[0, 1, 2, 4, 5]
L10350	[2, 3, 4, 5]
L10351	[2, 3, 4, 5]
L10352	[1, 2, 3, 4, 5]
L10356	[1, 3, 4, 5]
L10357	[0, 1, 2, 5]
L10358	[0, 1, 3, 5]
L10359	[0, 2, 3, 4]
L10360	[1, 2, 3, 4, 5]
L10361	[2, 3, 4, 5]
L10362	[0, 1, 2, 4, 5]
L10364	[1, 2, 3, 4]
L10366	[0, 1, 3, 4, 5]
L10367	[0, 1, 3, 4]
L10369	[0, 1, 2, 3, 5]
L10370	[0, 1, 4, 5]
L10371	[0, 1, 4, 5]
L10373	[0, 2, 3, 5]
L10374	[0, 1, 2, 4]
L10375	[0, 1, 3, 4]
L10376	[0, 1, 3, 4]
L10377	[0, 2, 3, 4, 5]
L10378	[1, 2, 3, 4]
L10379	[0, 1, 2, 5]
L10381	[1, 3, 4, 5]
L10383	[0, 1, 3, 4, 5]
L10385	[2, 3, 4, 5]
L10389	[1, 2, 3, 4]
L10390	[0, 1, 3, 4]
L10394	[1, 2, 3, 4]
L10396	[0, 1, 4, 5]
L10397	[0, 3, 4, 5]
L10398	[0, 2, 3, 4, 5]
L10399	[1, 2, 3, 5]
L10400	[0, 2, 3, 4, 5]
L10401	[1, 2, 3, 4, 5]
L10402	[0, 1, 3, 5]
L10404	[1, 2, 3, 4]
L10405	[1, 2, 3, 4, 5]
L10406	[2, 3, 4, 5]
L10407	[0, 1, 3, 4, 5]
L10408	[0, 1, 4, 5]
L10409	[1, 2, 3, 4]
L10410	[0, 3, 4, 5]
L10411	[0, 1, 3, 4]
L10413	[0, 1, 3, 4]
L10414	[0, 2, 4, 5]
L10417	[1, 3, 4, 5]
L10420	[0, 3, 4, 5]
L10422	[1, 2, 3, 5]
L10423	[1, 2, 3, 5]
L10429	[1, 2, 3, 4, 5]
L10432	[0, 2, 3, 4, 5]
L10433	[0, 2, 3, 5]
L10434	[0, 1, 3, 4, 5]
L10435	[0, 1, 3, 5]
L10436	[0, 1, 3, 5]
L10438	[0, 1, 3, 5]
L10441	[0, 1, 3, 5]
L10442	[0, 1, 3, 4, 5]
L10447	[0, 1, 3, 4, 5]
L10449	[0, 1, 3, 5]
L10451	[2, 3, 4, 5]
L10452	[0, 1, 4, 5]
L10453	[2, 3, 4, 5]
L10454	[0, 1, 4, 5]
L10455	[1, 2, 3, 4, 5]
L10458	[0, 1, 2, 3, 5]
L10459	[1, 2, 4, 5]
L10461	[0, 1, 3, 4, 5]
L10463	[0, 3, 4, 5]
L10464	[1, 2, 3, 4]
L10465	[1, 2, 3, 4]
L10466	[0, 1, 2, 5]
L10467	[1, 2, 3, 4, 5]
L10468	[0, 1, 3, 4, 5]
L10469	[0, 1, 3, 4, 5]
L10470	[0, 1, 3, 5]
L10471	[2, 3, 4, 5]
L10473	[0, 1, 3, 4, 5]
L10474	[0, 1, 3, 4, 5]
L10475	[1, 2, 4, 5]
L10476	[0, 2, 3, 4, 5]
L10477	[1, 2, 4, 5]
L10478	[1, 2, 3, 4, 5]
L10479	[0, 1, 2, 4, 5]
L10481	[1, 3, 4, 5]
L10482	[1, 2, 3, 4]
L10483	[0, 1, 3, 4, 5]
L10485	[0, 2, 3, 4, 5]
L10486	[2, 3, 4, 5]
L10487	[1, 3, 4, 5]
L10488	[2, 3, 5]
L10489	[0, 3, 4, 5]
L10493	[0, 1, 4, 5]
L10494	[0, 1, 3, 5]
L10495	[2, 3, 4, 5]
L10497	[0, 1, 3, 4, 5]
L10498	[0, 3, 4, 5]
L10499	[2, 3, 4, 5]
L10500	[0, 1, 2, 3, 5]
L10501	[0, 1, 2, 4, 5]
L10502	[0, 3, 4, 5]
L10504	[1, 3, 4, 5]
L10508	[0, 3, 4, 5]
L10511	[0, 1, 3, 4, 5]
L10512	[0, 1, 4, 5]
L10513	[0, 1, 2, 3, 5]
L10515	[0, 3, 4, 5]
L10516	[2, 3, 4, 5]
L10518	[2, 3, 4, 5]
L10525	[1, 2, 3, 4]
L10526	[0, 1, 2, 4]
L10529	[0, 2, 3, 4, 5]
L10530	[0, 1, 2, 4]
L10531	[0, 1, 4, 5]
L10533	[1, 2, 3, 4, 5]
L10535	[1, 2, 3, 4]
L10536	[0, 1, 4, 5]
L10537	[0, 2, 3, 4]
L10538	[0, 1, 2, 4]
L10539	[1, 2, 3, 4]
L10542	[0, 1, 2, 4]
L10543	[1, 2, 3, 4, 5]
L10546	[0, 1, 2, 3, 5]
L10547	[0, 2, 4, 5]
L10553	[2, 3, 4, 5]
L10557	[1, 2, 4, 5]
L10559	[0, 1, 3, 5]
L10561	[0, 1, 3, 4, 5]
L10565	[1, 2, 3, 5]
L10568	[1, 2, 3, 4]
L10569	[0, 1, 3, 5]
L10570	[1, 2, 3, 4]
L10572	[1, 2, 3, 4, 5]
L10573	[0, 1, 3, 4, 5]
L10574	[0, 3, 4, 5]
L10576	[0, 1, 2, 3]
L10577	[1, 2, 3, 4, 5]
L10578	[1, 2, 4, 5]
L10580	[0, 1, 2, 3, 5]
L10581	[0, 1, 2, 5]
L10582	[0, 2, 3, 4]
L10584	[1, 2, 3, 4, 5]
L10585	[0, 1, 3, 4, 5]
L10587	[0, 1, 3, 5]
L10591	[0, 1, 2, 3]
L10592	[2, 3, 4, 5]
L10594	[0, 2, 3, 4, 5]
L10595	[1, 2, 3, 4, 5]
L10597	[1, 2, 3, 4]
L10601	[0, 1, 2, 4]
L10602	[1, 2, 3, 4, 5]
L10603	[1, 2, 3, 4, 5]
L10604	[0, 2, 3, 4]
L10605	[0, 1, 4, 5]
L10607	[0, 1, 4, 5]
L10610	[0, 1, 2, 3, 5]
L10612	[0, 1, 3, 4]
L10614	[1, 2, 3, 5]
L10615	[0, 1, 2, 3, 5]
L10616	[0, 1, 3, 5]
L10617	[0, 1, 2, 3, 5]
L10618	[1, 2, 4, 5]
L10620	[2, 3, 4, 5]
L10621	[0, 1, 2, 5]
L10622	[0, 1, 2, 3, 5]
L10623	[0, 1, 3, 5]
L10625	[1, 2, 3, 4]
L10626	[0, 2, 3, 4]
L10628	[0, 3, 4]
L10629	[2, 3, 4]
L10631	[0, 3, 4, 5]
L10632	[0, 1, 4, 5]
L10633	[0, 1, 2, 3, 5]
L10635	[0, 2, 3, 4, 5]
L10636	[0, 1, 3, 4, 5]
L10637	[0, 1, 4, 5]
L10639	[1, 2, 3, 5]
L10640	[1, 2, 3, 4, 5]
L10642	[0, 1, 3, 4, 5]
L10643	[1, 2, 3, 4]
L10644	[0, 3, 4, 5]
L10645	[0, 1, 4, 5]
L10646	[0, 1, 3, 5]
L10647	[1, 2, 3, 5]
L10648	[0, 1, 3, 5]
L10650	[0, 1, 2, 3, 5]
L10651	[0, 1, 2, 3, 5]
L10652	[0, 1, 3, 5]
L10653	[0, 1, 2, 3, 5]
L10654	[0, 1, 3, 5]
L10657	[0, 1, 2, 3, 5]
L10659	[0, 1, 2, 4, 5]
L10660	[1, 2, 3, 4, 5]
L10662	[1, 3, 4, 5]
L10663	[0, 1, 2, 3, 5]
L10664	[0, 1, 3, 5]
L10665	[0, 1, 3, 5]
L10666	[0, 3, 4, 5]
L10668	[0, 2, 3, 5]
L10669	[0, 1, 2, 3, 5]
L10670	[1, 2, 3, 5]
L10671	[0, 1, 3, 4]
L10672	[0, 1, 2, 4]
L10673	[1, 3, 4, 5]
L10675	[0, 2, 3, 4]
L10676	[2, 3, 4, 5]
L10678	[0, 1, 2, 3]
L10679	[1, 2, 3, 5]
L10680	[0, 1, 3, 4, 5]
L10681	[0, 1, 2, 3]
L10682	[0, 1, 2, 3, 5]
L10684	[0, 1, 2, 3, 5]
L10685	[0, 1, 3, 4, 5]
L10686	[0, 1, 2, 3, 5]
L10687	[0, 1, 2, 3, 5]
L10689	[0, 2, 4, 5]
L10690	[0, 1, 3, 4, 5]
L10694	[0, 1, 3, 5]
L10696	[0, 1, 2, 3, 5]
L10698	[0, 1, 3, 5]
L10699	[1, 3, 4, 5]
L10700	[2, 3, 4, 5]
L10701	[0, 1, 3, 4, 5]
L10703	[0, 1, 3, 4]
L10706	[0, 1, 4, 5]
L10707	[0, 1, 2, 4, 5]
L10709	[2, 3, 4, 5]
L10714	[0, 1, 3, 5]
L10715	[1, 2, 3, 4]
L10717	[0, 1, 2, 3, 5]
L10720	[0, 1, 2, 3, 5]
L10721	[1, 2, 3, 4, 5]
L10723	[0, 1, 3, 4, 5]
L10724	[0, 1, 4, 5]
L10729	[0, 2, 3, 4, 5]
L10731	[0, 1, 3, 5]
L10732	[1, 2, 3, 4, 5]
L10733	[0, 1, 3, 5]
L10734	[1, 3, 4, 5]
L10735	[0, 1, 4, 5]
L10736	[1, 2, 3, 5]
L10737	[0, 1, 3, 4]
L10738	[0, 1, 3, 5]
L10741	[0, 1, 3, 5]
L10742	[1, 2, 3, 4]
L10743	[0, 1, 2, 3, 5]
L10744	[0, 1, 3, 4, 5]
L10745	[1, 2, 3, 4, 5]
L10748	[1, 2, 3, 4]
L10750	[0, 2, 3, 4]
L10753	[2, 3, 4, 5]
L10755	[1, 2, 4, 5]
L10756	[0, 1, 3, 4, 5]
L10761	[2, 3, 4, 5]
L10764	[1, 2, 3, 4]
L10772	[0, 2, 3, 4]
L10773	[0, 2, 3, 4]
L10774	[0, 1, 3, 4, 5]
L10775	[1, 2, 3, 4, 5]
L10779	[1, 2, 3, 4]
L10780	[1, 2, 3, 4, 5]
L10782	[0, 2, 3, 4]
L10783	[0, 1, 4, 5]
L10785	[0, 1, 2, 4]
L10787	[1, 2, 3, 4]
L10788	[1, 2, 3, 4, 5]
L10789	[0, 2, 3, 4, 5]
L10791	[1, 3, 4, 5]
L10792	[0, 2, 3, 5]
L10793	[0, 1, 3, 4, 5]
L10794	[0, 2, 3, 5]
L10795	[0, 1, 4, 5]
L10796	[1, 3, 4, 5]
L10798	[1, 3, 4, 5]
L10799	[1, 2, 4, 5]
L10801	[0, 2, 4, 5]
L10802	[1, 4, 5]
L10803	[0, 1, 4, 5]
L10804	[1, 2, 3, 4, 5]
L10805	[1, 2, 3, 5]
L10806	[0, 1, 4, 5]
L10807	[0, 1, 4, 5]
L10808	[0, 1, 4, 5]
L10809	[1, 3, 4, 5]
L10810	[0, 1, 3, 4, 5]
L10811	[0, 1, 4, 5]
L10813	[1, 3, 4, 5]
L10814	[1, 3, 4, 5]
L10815	[1, 3, 4, 5]
L10816	[0, 1, 3, 4, 5]
L10817	[0, 1, 2, 5]
L10819	[0, 1, 3, 4, 5]
L10820	[0, 1, 4, 5]
L10821	[0, 1, 3, 4, 5]
L10822	[0, 1, 3, 4, 5]
L10823	[0, 1, 4, 5]
L10825	[0, 2, 3, 4, 5]
L10826	[0, 1, 2, 3, 5]
L10827	[0, 1, 4, 5]
L10828	[1, 2, 3, 5]
L10829	[1, 2, 3, 5]
L10830	[0, 3, 4, 5]
L10831	[0, 1, 2, 5]
L10832	[1, 3, 4, 5]
L10833	[1, 3, 4, 5]
L10834	[0, 1, 2, 4, 5]
L10835	[0, 1, 4, 5]
L10836	[0, 1, 2, 3, 5]
L10837	[0, 3, 4, 5]
L10838	[0, 1, 3, 4]
L10839	[0, 1, 4, 5]
L10840	[2, 3, 4, 5]
L10841	[0, 3, 4, 5]
L10842	[0, 1, 2, 4, 5]
L10844	[0, 4, 5]
L10846	[0, 1, 3, 4]
L10847	[0, 1, 2, 3, 5]
L10849	[0, 1, 3, 5]
L10850	[0, 1, 2, 3, 5]
L10851	[0, 1, 2, 3, 5]
L10853	[1, 3, 5]
L10856	[0, 1, 3]
L10857	[0, 1, 3, 5]
L10859	[0, 1, 3, 5]
L10860	[0, 1, 2, 3, 5]
L10861	[0, 1, 3, 5]
L10862	[0, 1, 3, 4, 5]
L10863	[0, 1, 4, 5]
L10864	[0, 1, 4, 5]
L10865	[0, 1, 3, 4, 5]
L10866	[0, 1, 4, 5]
L10867	[0, 1, 2, 3, 5]
L10868	[0, 1, 3, 4, 5]
L10869	[0, 1, 3, 4, 5]
L10870	[1, 2, 3, 5]
L10873	[1, 2, 3, 4, 5]
L10874	[0, 1, 3, 5]
L10876	[0, 1, 3, 5]
L10877	[1, 2, 3, 4]
L10878	[0, 1, 3, 5]
L10879	[1, 2, 3, 4]
L10881	[0, 1, 3, 4, 5]
L10882	[0, 2, 3, 4, 5]
L10883	[0, 2, 3, 4, 5]
L10884	[0, 1, 3, 5]
L10885	[0, 2, 3, 4, 5]
L10886	[0, 1, 2, 3, 5]
L10888	[1, 2, 3, 4, 5]
L10889	[0, 2, 3, 4, 5]
L10890	[0, 1, 3, 4, 5]
L10891	[0, 3, 4, 5]
L10892	[2, 3, 4, 5]
L10893	[0, 1, 4, 5]
L10894	[0, 2, 3, 4, 5]
L10895	[0, 1, 2, 4, 5]
L10896	[0, 2, 3, 5]
L10897	[0, 1, 2, 3, 5]
L10899	[0, 1, 3, 4, 5]
L10900	[0, 1, 3, 4, 5]
L10901	[0, 1, 2, 4]
L10902	[0, 1, 3, 4, 5]
L10904	[0, 3, 4, 5]
L10905	[0, 1, 2, 3, 5]
L10907	[0, 1, 3, 4, 5]
L10910	[0, 2, 3, 4, 5]
L10911	[0, 2, 3, 4, 5]
L10913	[0, 2, 3, 4, 5]
L10915	[0, 1, 3, 4, 5]
L10916	[0, 1, 2, 3, 5]
L10918	[0, 2, 3, 4, 5]
L10919	[0, 1, 2, 5]
L10920	[1, 2, 3, 5]
L10921	[0, 3, 4, 5]
L10922	[0, 1, 2, 3, 5]
L10924	[0, 1, 2, 4, 5]
L10925	[0, 1, 3, 4, 5]
L10926	[0, 1, 2, 3, 5]
L10927	[0, 2, 3, 4, 5]
L10928	[0, 1, 4, 5]
L10929	[2, 3, 4, 5]
L10930	[0, 1, 3, 4, 5]
L10932	[0, 1, 2, 3, 5]
L10933	[0, 1, 2, 4, 5]
L10934	[0, 1, 3, 4]
L10935	[1, 2, 3, 5]
L10936	[0, 1, 3, 4, 5]
L10937	[1, 2, 3, 4, 5]
L10938	[0, 1, 4, 5]
L10940	[0, 2, 3, 5]
L10941	[0, 2, 3, 5]
L10942	[0, 2, 3, 4, 5]
L10943	[0, 2, 3, 5]
L10944	[1, 2, 3, 4]
L10945	[0, 2, 3, 4, 5]
L10946	[0, 1, 3, 4]
L10948	[0, 2, 4, 5]
L10951	[0, 1, 2, 3, 5]
L10952	[0, 2, 3, 4, 5]
L10953	[0, 1, 4, 5]
L10956	[0, 1, 2, 4, 5]
L10957	[0, 2, 3, 4, 5]
L10958	[0, 1, 3, 4, 5]
L10959	[0, 1, 3, 4, 5]
L10960	[0, 1, 3, 4, 5]
L10961	[0, 1, 2, 4, 5]
L10962	[0, 2, 3, 4, 5]
L10963	[0, 1, 2, 4, 5]
L10966	[0, 1, 2, 3, 5]
L10967	[0, 1, 3, 4]
L10968	[1, 2, 3, 4, 5]
L10969	[1, 2, 3, 4]
L10972	[0, 1, 2, 5]
L10975	[1, 2, 3, 4]
L10986	[0, 1, 3, 5]
L10987	[0, 1, 2, 3, 5]
L10990	[0, 1, 2, 3, 5]
L10993	[0, 2, 3, 4, 5]
L10994	[0, 1, 3, 4]
L10995	[0, 1, 3, 4, 5]
L10997	[0, 1, 3, 4, 5]
L10998	[2, 3, 4, 5]
L11001	[0, 1, 3, 4]
L11007	[1, 2, 3, 4]
L11009	[1, 2, 3, 4]
L11010	[0, 1, 2, 4]
L11016	[1, 2, 3, 4, 5]
L11017	[1, 2, 4, 5]
L11020	[0, 1, 2, 3, 5]
L11021	[0, 1, 3, 4, 5]
L11022	[1, 3, 4, 5]
L11023	[0, 1, 3, 4, 5]
L11024	[1, 2, 3, 4, 5]
L11029	[1, 2, 3, 4, 5]
L11030	[0, 3, 4, 5]
L11031	[0, 1, 3, 4, 5]
L11032	[1, 2, 3, 4, 5]
L11034	[0, 1, 2, 4, 5]
L11035	[1, 2, 3, 4, 5]
L11036	[1, 2, 3, 4]
L11038	[0, 1, 2, 3, 5]
L11041	[0, 1, 4, 5]
L11045	[2, 3, 4, 5]
L11051	[0, 1, 3, 4]
L11052	[1, 2, 3, 4, 5]
L11053	[1, 2, 3, 4, 5]
L11055	[1, 2, 3, 4]
L11057	[0, 2, 3, 4, 5]
L11059	[0, 2, 3, 4]
L11060	[0, 1, 4, 5]
L11063	[0, 1, 3, 5]
L11064	[0, 3, 4, 5]
L11065	[1, 2, 3, 4, 5]
L11066	[2, 3, 4, 5]
L11068	[2, 3, 4, 5]
L11073	[1, 2, 3, 4]
L11079	[0, 1, 2, 5]
L11082	[0, 1, 4, 5]
L11083	[0, 1, 2, 3, 5]
L11084	[0, 3, 4, 5]
L11085	[1, 2, 3, 4, 5]
L11086	[0, 1, 3, 4, 5]
L11087	[1, 2, 3, 4]
L11092	[0, 2, 3, 5]
L11095	[0, 1, 3, 4, 5]
L11097	[1, 2, 3, 4]
L11098	[0, 1, 4, 5]
L11103	[1, 3, 4, 5]
L11104	[1, 2, 3, 4]
L11105	[0, 3, 4, 5]
L11106	[0, 1, 2, 4, 5]
L11110	[0, 1, 4, 5]
L11111	[0, 1, 4, 5]
L11113	[0, 2, 3, 4, 5]
L11114	[0, 1, 2, 4, 5]
L11116	[0, 1, 3, 4, 5]
L11119	[1, 2, 3, 4, 5]
L11121	[0, 1, 3, 4, 5]
L11126	[0, 1, 2, 4]
L11128	[0, 1, 2, 4, 5]
L11131	[1, 2, 3, 4, 5]
L11134	[0, 2, 3, 4, 5]
L11135	[2, 3, 4, 5]
L11137	[2, 3, 4, 5]
L11139	[0, 1, 2, 4]
L11145	[1, 2, 3, 4, 5]
L11146	[0, 2, 3, 4, 5]
L11147	[0, 1, 3, 4]
L11149	[0, 2, 3, 4, 5]
L11150	[0, 1, 3, 4, 5]
L11153	[0, 1, 2, 4]
L11154	[2, 3, 4, 5]
L11156	[2, 3, 4, 5]
L11157	[0, 1, 4, 5]
L11159	[1, 2, 3, 4]
L11161	[1, 2, 3, 4, 5]
L11163	[1, 2, 3, 4]
L11166	[0, 1, 2, 4, 5]
L11167	[0, 1, 2, 3, 5]
L11168	[0, 1, 2, 3, 5]
L11170	[0, 1, 2, 5]
L11171	[2, 3, 4, 5]
L11172	[1, 2, 3, 5]
L11175	[0, 1, 3, 5]
L11176	[0, 1, 3, 4, 5]
L11177	[1, 2, 3, 4, 5]
L11179	[0, 1, 2, 3, 5]
L11180	[0, 1, 2, 3, 5]
L11186	[1, 2, 3, 4]
L11187	[0, 1, 2, 3, 5]
L11189	[0, 1, 2, 5]
L11195	[0, 2, 3, 4]
L11199	[0, 1, 3, 4]
L11200	[1, 2, 3, 4]
L11201	[0, 1, 2, 4]
L11203	[1, 2, 3, 4]
L11206	[1, 2, 3, 4]
L11211	[0, 2, 3, 4]
L11212	[0, 2, 3, 4]
L11217	[2, 3, 4]
L11219	[2, 3, 4, 5]
L11220	[0, 2, 3, 4]
L11222	[0, 1, 3, 4]
L11224	[0, 1, 2, 4]
L11225	[0, 2, 3, 4]
L11228	[0, 1, 2, 4]
L11230	[0, 1, 3, 4]
L11231	[0, 1, 2, 4, 5]
L11232	[0, 2, 3, 4]
L11234	[0, 2, 3, 4]
L11235	[0, 1, 3, 4]
L11236	[0, 2, 3, 4]
L11237	[2, 3, 4, 5]
L11238	[1, 2, 3, 4]
L11239	[0, 1, 2, 4]
L11240	[2, 3, 4, 5]
L11241	[0, 1, 3, 4]
L11242	[0, 1, 3, 4, 5]
L11243	[1, 2, 3, 4]
L11246	[0, 3, 4, 5]
L11249	[0, 1, 2, 3, 5]
L11250	[0, 2, 3, 4]
L11254	[0, 1, 2, 3, 5]
L11255	[0, 1, 2, 4, 5]
L11256	[0, 1, 2, 5]
L11257	[1, 2, 3, 4, 5]
L11259	[0, 1, 4, 5]
L11264	[0, 1, 3, 4]
L11268	[1, 2, 3, 4]
L11270	[0, 1, 3, 4]
L11273	[0, 1, 3, 4]
L11276	[0, 2, 4, 5]
L11280	[0, 2, 3, 5]
L11282	[2, 3, 4, 5]
L11283	[1, 2, 3, 4]
L11284	[1, 2, 3, 4]
L11285	[0, 1, 2, 4]
L11286	[0, 1, 2, 4]
L11287	[0, 1, 2, 4]
L11289	[0, 1, 2, 4]
L11290	[0, 1, 2, 4]
L11291	[0, 1, 2, 4]
L11293	[1, 2, 3, 4, 5]
L11294	[1, 2, 4, 5]
L11295	[2, 3, 4, 5]
L11296	[1, 3, 4, 5]
L11297	[1, 2, 3, 4]
L11298	[0, 1, 3, 5]
L11299	[0, 1, 2, 4, 5]
L11300	[1, 2, 4, 5]
L11301	[0, 1, 2, 4]
L11304	[0, 1, 2, 4]
L11305	[0, 1, 2, 4]
L11306	[0, 1, 3, 4]
L11307	[0, 1, 2, 4]
L11308	[0, 1, 3, 4]
L11309	[0, 2, 3, 4]
L11310	[0, 2, 3, 4, 5]
L11311	[1, 2, 3, 4]
L11312	[0, 2, 3, 4]
L11315	[1, 2, 3, 4, 5]
L11317	[0, 1, 2, 4]
L11318	[0, 1, 2, 4]
L11320	[0, 1, 2, 4]
L11321	[0, 1, 3, 4]
L11322	[0, 2, 3, 4]
L11323	[0, 1, 3, 4]
L11324	[0, 2, 3, 4]
L11325	[1, 2, 3, 4]
L11326	[1, 2, 3, 4, 5]
L11327	[0, 1, 3, 4, 5]
L11329	[0, 2, 3, 4, 5]
L11330	[1, 2, 4, 5]
L11331	[0, 1, 2, 3, 5]
L11332	[0, 1, 2, 3, 5]
L11334	[1, 2, 3, 5]
L11335	[0, 1, 3, 5]
L11337	[0, 1, 2, 5]
L11338	[0, 1, 2, 5]
L11339	[0, 1, 3, 4, 5]
L11340	[0, 1, 2, 3, 5]
L11341	[0, 3, 4, 5]
L11342	[0, 1, 3, 4, 5]
L11343	[0, 2, 3, 5]
L11344	[0, 1, 2, 4, 5]
L11345	[0, 1, 3, 4, 5]
L11346	[0, 1, 2, 5]
L11350	[0, 1, 2, 4]
L11353	[0, 1, 2, 3, 5]
L11354	[0, 1, 4, 5]
L11355	[0, 2, 3, 4, 5]
L11360	[1, 2, 3, 5]
L11362	[0, 1, 4, 5]
L11363	[1, 2, 3, 4]
L11365	[1, 2, 3, 4, 5]
L11366	[0, 1, 3, 4]
L11368	[1, 2, 3, 4]
L11369	[0, 1, 4, 5]
L11372	[0, 1, 2, 4]
L11374	[1, 2, 3, 5]
L11377	[1, 2, 4, 5]
L11378	[0, 1, 2, 5]
L11379	[0, 1, 3, 4]
L11380	[0, 1, 2, 3, 5]
L11382	[0, 2, 3, 4, 5]
L11383	[0, 1, 2, 3, 5]
L11385	[0, 1, 2, 3, 5]
L11386	[2, 3, 4, 5]
L11388	[0, 1, 2, 4, 5]
L11389	[0, 1, 2, 4]
L11390	[1, 3]
L11397	[0, 1, 4, 5]
L11399	[1, 2, 4, 5]
L11401	[0, 1, 2, 4, 5]
L11405	[1, 2, 3, 5]
L11408	[1, 3, 4, 5]
L11409	[0, 1, 2, 4]
L11412	[0, 1, 3, 4]
L11421	[0,1,4,5]
L11425	[1, 2, 3, 4]
L11426	[1, 2, 3, 4, 5]
L11428	[0, 1, 2, 3, 5]
L11430	[2, 3, 4, 5]
L11432	[0, 1, 3, 4, 5]
L11436	[0, 1, 3, 4, 5]
L11437	[0, 2, 3, 4, 5]
L11438	[0, 1, 2, 3, 5]
L11439	[0, 1, 4, 5]
L11442	[0, 1, 3, 4, 5]
L11443	[1, 2, 3, 4, 5]
L11444	[0, 1, 3, 4, 5]
L11445	[0, 1, 3, 4, 5]
L11447	[1, 2, 3, 5]
L11448	[2, 3, 4, 5]
L11449	[0, 2, 3, 5]
L11450	[0, 1, 2, 3, 5]
L11451	[2, 3, 4, 5]
L11453	[0, 1, 2, 3, 5]
L11454	[0, 1, 3, 4, 5]
L11455	[0, 1, 4, 5]
L11457	[0, 1, 2, 4]
L11458	[0, 2, 3, 5]
L11459	[0, 2, 3, 4, 5]
L11461	[0, 1, 4, 5]
L11464	[0, 1, 3, 4, 5]
L11465	[0, 1, 4, 5]
L11469	[0, 1, 3, 5]
L11470	[0, 1, 2, 4, 5]
L11471	[1, 2, 3, 4, 5]
L11476	[0, 1, 2, 3, 5]
L11477	[0, 1, 3, 4, 5]
L11479	[0, 1, 3, 4, 5]
L11483	[0, 1, 3, 4]
L11489	[1, 3, 4, 5]
L11490	[0, 1, 2, 4]
L11492	[0, 1, 4, 5]
L11497	[0, 1, 2, 4, 5]
L11501	[0, 1, 3, 4]
L11502	[0, 1, 3, 4]
L11503	[0, 1, 4, 5]
L11508	[1, 2, 3, 4]
L11511	[1, 3, 4, 5]
L11512	[0, 1, 2, 3, 5]
L11514	[1, 2, 3, 4]
L11515	[0, 1, 2, 3, 5]
L11517	[0, 1, 3, 5]
L11518	[0, 1, 2, 3, 5]
L11520	[0, 1, 3, 4, 5]
L11521	[0, 1, 2, 3, 5]
L11524	[1, 2, 3, 4, 5]
L11526	[0, 1, 3, 5]
L11527	[0, 1, 2, 3, 5]
L11531	[1, 3, 4, 5]
L11534	[0, 5]
L11536	[1, 2, 3, 4, 5]
L11537	[2, 3, 4, 5]
L11544	[2, 3, 4, 5]
L11545	[1, 2, 3, 4]
L11547	[0, 1, 3, 4]
L11552	[0, 1, 2, 4]
L11555	[1, 2, 3, 4]
L11556	[0, 1, 2, 3, 5]
L11557	[0, 1, 2, 3, 5]
L11558	[0, 1, 2, 3, 5]
L11559	[0, 1, 3, 5]
L11560	[0, 1, 2, 3, 5]
L11561	[0, 2, 3, 4]
L11562	[0, 1, 2, 3, 5]
L11565	[0, 1, 2, 3, 5]
L11566	[1, 3, 4, 5]
L11567	[0, 1, 2, 3, 5]
L11568	[0, 1, 2, 3, 5]
L11570	[3, 5]
L11571	[0, 1, 4, 5]
L11572	[1, 2, 3, 4, 5]
L11573	[0, 1, 2, 3, 5]
L11574	[0, 1, 3, 4, 5]
L11577	[0, 2, 3, 4, 5]
L11578	[0, 1, 2, 3, 5]
L11579	[1, 3, 5]
L11580	[0, 1, 2, 3, 5]
L11581	[0, 1, 4, 5]
L11583	[0, 1, 2, 5]
L11584	[0, 1, 2, 3, 5]
L11585	[0, 2, 3, 5]
L11586	[0, 1, 2, 4]
L11590	[0, 1, 2, 4, 5]
L11591	[0, 1, 2, 3, 5]
L11595	[0, 1, 2, 3, 5]
L11599	[0, 1, 3, 4, 5]
L11600	[1, 2, 3, 4, 5]
L11601	[0, 1, 2, 3, 5]
L11602	[0, 1, 2, 3, 5]
L11604	[1, 2, 3, 4]
L11605	[0, 1, 3, 4, 5]
L11607	[2, 3, 4, 5]
L11610	[1, 2, 3, 4]
L11611	[0, 1, 2, 3, 5]
L11612	[0, 1, 2, 3, 5]
L11613	[0, 2, 3, 5]
L11614	[0, 1, 2, 3, 5]
L11615	[0, 1, 3, 4, 5]
L11617	[0, 2, 3, 4, 5]
L11618	[0, 1, 2, 3, 5]
L11619	[1, 2, 3, 4, 5]
L11620	[0, 1, 2, 3, 5]
L11621	[0, 1, 2, 5]
L11623	[0, 2, 3, 4, 5]
L11626	[0, 1, 2, 4, 5]
L11627	[1, 2, 3, 5]
L11628	[1, 2, 3, 4]
L11629	[1, 2, 3, 4, 5]
L11630	[0, 1, 2, 3, 5]
L11633	[0, 1, 2, 5]
L11634	[0, 1, 2, 3, 5]
L11637	[2, 3, 4, 5]
L11638	[0, 1, 3, 4]
L11639	[0, 2, 3, 4, 5]
L11640	[0, 3, 4, 5]
L11641	[0, 1, 2, 3, 5]
L11642	[0, 2, 3, 4, 5]
L11643	[1, 2, 3, 4]
L11644	[0, 1, 2, 3, 5]
L11645	[0, 1, 3, 4, 5]
L11646	[0, 1, 2, 3, 5]
L11647	[0, 1, 2, 3, 5]
L11649	[0, 1, 2, 3, 5]
L11650	[1, 2, 3, 4, 5]
L11652	[0, 1, 2, 3, 5]
L11656	[0, 1, 3, 4, 5]
L11657	[2, 3, 4, 5]
L11658	[0, 1, 4, 5]
L11660	[0, 1, 3, 4, 5]
L11661	[0, 1, 2, 3, 5]
L11672	[0, 1, 3, 4]
L11677	[0, 1, 3, 4, 5]
L11679	[2, 4, 5]
L11682	[2, 3, 4, 5]
L11683	[0, 1, 2, 3, 5]
L11685	[0, 1, 2, 4]
L11686	[0, 2, 3, 4, 5]
L11688	[0, 2, 3, 4, 5]
L11689	[0, 1, 2, 4, 5]
L11692	[0, 1, 3, 4, 5]
L11693	[0, 1, 2, 4]
L11694	[1, 2, 3, 4, 5]
L11696	[2, 3, 4, 5]
L11698	[0, 1, 3, 4, 5]
L11699	[0, 1, 3]
L11700	[0, 1, 3, 5]
L11701	[0, 2, 3, 4, 5]
L11703	[0, 2, 3, 4, 5]
L11704	[0, 1, 2, 4, 5]
L11708	[3, 4, 5]
L11709	[0, 1, 3, 4]
L11714	[0, 2, 3, 4]
L11717	[0, 1, 3, 4]
L11720	[0, 1, 3, 4]
L11722	[0, 2, 3, 4, 5]
L11725	[0, 1, 2, 4]
L11726	[0, 1, 3, 5]
L11728	[0, 1, 3, 4, 5]
L11730	[0, 2, 3, 4]
L11731	[0, 1, 3, 5]
L11732	[0, 1, 3]
L11733	[0, 3, 4, 5]
L11735	[0, 1, 3, 4, 5]
L11738	[0, 2, 3, 4, 5]
L11740	[0, 1, 3, 4, 5]
L11741	[0, 1, 3, 5]
L11742	[0, 1, 2, 3, 5]
L11743	[0, 1, 2, 3, 5]
L11744	[2, 3, 4, 5]
L11745	[0, 1, 2, 3, 5]
L11746	[0, 1, 3, 4, 5]
L11747	[0, 2, 3, 4, 5]
L11748	[0, 1, 3, 4, 5]
L11749	[0, 1, 2, 3, 5]
L11756	[0, 2, 3, 4]
L11757	[0, 1, 2, 4]
L11758	[0, 1, 3, 4]
L11759	[0, 1, 3, 4]
L11760	[1, 2, 3, 4]
L11761	[1, 2, 3, 4, 5]
L11762	[0, 2, 3, 4]
L11763	[2, 3, 4]
L11764	[0, 2, 3, 4]
L11765	[0, 2, 3, 4]
L11766	[0, 1, 2, 3, 5]
L11767	[2, 3, 4, 5]
L11768	[2, 3, 4, 5]
L11769	[1, 2, 3, 4]
L11770	[1, 2, 3, 4, 5]
L11771	[0, 3, 4, 5]
L11772	[0, 2, 4, 5]
L11773	[0, 1, 3, 4, 5]
L11774	[0, 3, 4, 5]
L11775	[0, 1, 4, 5]
L11776	[0, 2, 3, 4]
L11777	[0, 2, 3, 4]
L11779	[0, 2, 3, 4]
L11780	[0, 2, 3, 4]
L11781	[2, 3, 4, 5]
L11782	[2, 3, 4, 5]
L11783	[0, 1, 2, 4, 5]
L11784	[0, 2, 3, 4, 5]
L11785	[2, 3, 4, 5]
L11786	[0, 2, 3, 4, 5]
L11787	[1, 2, 3, 4, 5]
L11788	[0, 1, 3, 4, 5]
L11789	[0, 2, 3, 4, 5]
L11790	[0, 1, 2, 3, 5]
L11793	[0, 2, 3, 4]
L11794	[0, 2, 3, 4, 5]
L11795	[0, 1, 3, 4, 5]
L11801	[0, 2, 3, 4]
L11803	[0, 1, 2, 4, 5]
L11805	[0, 1, 3, 4]
L11806	[0, 2, 3, 4]
L11807	[0, 2, 3, 4]
L11808	[0, 1, 2, 4]
L11809	[0, 1, 3, 4]
L11810	[0, 2, 3, 4]
L11811	[0, 1, 2, 4]
L11813	[0, 1, 4, 5]
L11817	[0, 1, 2, 4]
L11819	[0, 1, 3, 4]
L11820	[0, 2, 3, 4]
L11823	[0, 2, 4, 5]
L11825	[0, 1, 2, 4]
L11827	[0, 1, 2, 3, 5]
L11828	[1, 2, 3, 5]
L11829	[0, 1, 2, 5]
L11831	[2, 3, 4, 5]
L11832	[0, 1, 2, 3, 5]
L11833	[0, 1, 3, 4, 5]
L11834	[0, 2, 3, 4, 5]
L11837	[0, 1, 2, 4]
L11840	[0, 3, 4]
L11843	[0, 1, 3, 5]
L11844	[1, 2, 3, 4, 5]
L11846	[0, 1, 3, 4]
L11848	[0, 1, 2, 3, 5]
L11849	[0, 2, 3, 5]
L11852	[2, 3, 4]
L11855	[0, 1, 3, 5]
L11856	[0, 2, 3, 4]
L11857	[0, 2, 3, 4]
L11858	[3, 4, 5]
L11859	[2, 3, 4, 5]
L11860	[1, 2, 3, 4]
L11861	[0, 1, 3, 4]
L11862	[0, 1, 3, 4]
L11863	[0, 1, 3, 4]
L11864	[0, 1, 3, 4]
L11865	[0, 1, 3, 4]
L11866	[0, 2, 3, 4]
L11867	[0, 2, 3, 4]
L11868	[0, 2, 3, 4]
L11869	[0, 2, 3, 4]
L11870	[0, 2, 3, 4]
L11872	[0, 1, 3, 4, 5]
L11876	[0, 1, 3, 4]
L11877	[0, 1, 2, 4]
L11878	[0, 1, 3, 4]
L11879	[0, 1, 3, 4]
L11881	[1, 2, 3, 4]
L11883	[1, 2, 3, 4]
L11884	[0, 2, 3, 4]
L11885	[0, 2, 3, 4]
L11886	[0, 1, 2, 3, 5]
L11887	[1, 2, 3, 4, 5]
L11888	[0, 3, 5]
L11889	[1, 2, 3, 4, 5]
L11890	[0, 1, 2, 3, 5]
L11892	[1, 2, 3, 4, 5]
L11893	[0, 1, 3, 4, 5]
L11894	[0, 1, 2, 3, 5]
L11895	[0, 1, 2, 5]
L11896	[0, 1, 2, 4, 5]
L11898	[0, 2, 3, 4, 5]
L11899	[0, 2, 3, 4, 5]
L11902	[1, 2, 4, 5]
L11906	[0, 1, 3, 4]
L11907	[0, 2, 3, 4]
L11908	[0, 1, 3, 4]
L11910	[0, 1, 3, 4]
L11911	[0, 2, 3, 4]
L11912	[0, 2, 3, 4]
L11913	[0, 2, 3, 4]
L11914	[0, 2, 3, 4]
L11915	[0, 2, 3, 4]
L11916	[0, 1, 2, 3, 5]
L11917	[0, 2, 3, 4, 5]
L11919	[0, 2, 3, 4]
L11920	[0, 2, 3, 4, 5]
L11922	[0, 1, 3, 5]
L11923	[0, 1, 2, 3, 5]
L11924	[0, 3, 4, 5]
L11925	[0, 2, 3, 5]
L11926	[0, 2, 3, 4, 5]
L11928	[1, 2, 3, 4, 5]
L11929	[0, 1, 2, 4, 5]
L11930	[1, 2, 3, 5]
L11931	[0, 1, 4, 5]
L11932	[0, 1, 2, 4, 5]
L11937	[0, 1, 2, 4]
L11939	[0, 1, 4, 5]
L11940	[0, 1, 3, 4]
L11942	[0, 1, 3, 4, 5]
L11945	[0, 1, 3, 5]
L11951	[0, 1, 2, 4]
L11952	[0, 2, 3, 4]
L11953	[0, 1, 3, 5]
L11954	[0, 1, 2, 4]
L11955	[0, 2, 4, 5]
L11956	[0, 2, 3, 4, 5]
L11957	[0, 1, 2, 3, 5]
L11958	[0, 2, 3, 4]
L11959	[1, 2, 3, 4]
L11961	[1, 2, 3, 5]
L11962	[1, 2, 3, 4, 5]
L11965	[0, 1, 2, 3, 5]
L11969	[0, 1, 2, 3, 5]
L11970	[0, 1, 2, 3, 5]
L11971	[0, 1, 2, 3, 5]
L11972	[0, 1, 2, 3, 5]
L11975	[0, 2, 3, 5]
L11977	[0, 1, 3, 4, 5]
L11978	[0, 1, 3, 4]
L11979	[0, 1, 4, 5]
L11980	[0, 2, 3, 4, 5]
L11982	[1, 2, 3, 5]
L11984	[0, 1, 3, 4]
L11985	[2, 3, 4, 5]
L11987	[0, 3, 4, 5]
L11988	[1, 3, 4, 5]
L11991	[2, 3, 4, 5]
L11992	[0, 1, 2, 3, 5]
L11993	[0, 1, 3, 4, 5]
L11996	[1, 2, 3, 4]
L11997	[0, 1, 2, 3, 5]
L12000	[2, 3, 4, 5]
L12001	[1, 2, 3, 4, 5]
L12003	[0, 1, 3, 4, 5]
L12005	[0, 2, 3, 4, 5]
L12006	[1, 2, 3, 4]
L12011	[0, 1, 2, 4]
L12012	[1, 2, 3, 4]
L12014	[1, 2, 3, 4]
L12015	[0, 1, 3, 4]
L12016	[0, 1, 3, 4]
L12017	[0, 1, 3, 4]
L12018	[1, 2, 3, 5]
L12020	[0, 1, 4, 5]
L12021	[0, 1, 4, 5]
L12022	[0, 1, 4, 5]
L12024	[0, 1, 3, 4]
L12026	[0, 1, 4, 5]
L12029	[0, 1, 3, 4]
L12030	[0, 1, 4, 5]
L12032	[1, 2, 3, 4, 5]
L12034	[0, 1, 3, 4, 5]
L12036	[0, 2, 3, 4, 5]
L12039	[1, 2, 3, 4, 5]
L12040	[0, 1, 3, 4, 5]
L12041	[0, 1, 3, 4]
L12042	[0, 1, 3, 4]
L12047	[1, 2, 3, 4]
L12048	[0, 1, 3, 4]
L12052	[0, 2, 3, 4, 5]
L12053	[0, 1, 3, 4]
L12054	[0, 2, 3, 5]
L12055	[0, 2, 3, 4, 5]
L12057	[0, 1, 2, 5]
L12058	[0, 1, 3, 4, 5]
L12059	[0, 1, 3, 5]
L12061	[0, 1, 2, 4, 5]
L12063	[0, 1, 3, 4, 5]
L12064	[0, 2, 3, 4, 5]
L12069	[0, 2, 3, 4]
L12071	[0, 1, 3, 4]
L12072	[0, 2, 3, 4]
L12073	[0, 1, 2, 4]
L12074	[0, 3, 4]
L12075	[0, 2, 3, 4]
L12076	[1, 3, 4]
L12077	[1, 2, 3, 4]
L12078	[1, 2, 3, 4, 5]
L12079	[0, 1, 3, 4, 5]
L12080	[1, 2, 3, 4, 5]
L12082	[0, 1, 2, 4, 5]
L12083	[0, 3, 4, 5]
L12087	[0, 1, 4, 5]
L12088	[1, 2, 3, 4, 5]
L12089	[1, 2, 3, 4]
L12090	[0, 1, 3, 4]
L12093	[0, 1, 3, 4]
L12096	[0, 1, 3, 4]
L12097	[0, 1, 2, 4, 5]
L12099	[0, 1, 2, 4, 5]
L12101	[1, 2, 3, 4]
L12102	[0, 2, 3, 5]
L12103	[2, 3, 4, 5]
L12104	[0, 1, 4, 5]
L12106	[0, 1, 2, 3, 5]
L12108	[0, 1, 3, 5]
L12109	[0, 1, 2, 4, 5]
L12110	[0, 1, 3, 4, 5]
L12111	[0, 1, 3, 5]
L12112	[1, 2, 3, 4, 5]
L12113	[0, 1, 3]
L12114	[0, 2, 4, 5]
L12115	[1, 2, 3, 4, 5]
L12116	[1, 2, 3, 5]
L12117	[2, 3, 4]
L12118	[0, 1, 3, 4, 5]
L12119	[0, 1, 2, 4]
L12120	[0, 1, 3, 4]
L12121	[0, 1, 2, 4, 5]
L12122	[0, 3, 4]
L12123	[0, 1, 2, 3, 5]
L12124	[0, 1, 3, 4, 5]
L12125	[0, 1, 3, 4]
L12126	[1, 2, 3, 4]
L12127	[0, 2, 3, 4]
L12128	[0, 1, 4, 5]
L12129	[0, 1, 4, 5]
L12133	[0, 1, 3, 4, 5]
L12134	[0, 1, 3, 4]
L12135	[0, 1, 4, 5]
L12136	[0, 1, 3, 4, 5]
L12140	[2, 3, 4, 5]
L12141	[0, 1, 2, 3, 5]
L12142	[0, 2, 4, 5]
L12143	[0, 1, 3, 5]
L12144	[0, 1, 3, 5]
L12146	[0, 1, 3, 4]
L12147	[0, 1, 2, 3, 5]
L12150	[0, 1, 2, 3, 5]
L12153	[0, 1, 3, 5]
L12154	[0, 1, 2, 3, 5]
L12155	[0, 1, 3, 5]
L12156	[0, 1, 2, 4]
L12157	[1, 2, 3, 4]
L12158	[2, 3, 4, 5]
L12159	[1, 3, 4]
L12161	[0, 1, 3, 4]
L12162	[0, 3, 4]
L12163	[0, 1, 3, 4]
L12164	[0, 1, 2, 5]
L12166	[1, 3, 4, 5]
L12167	[2, 3, 4]
L12168	[0, 2, 3, 4]
L12169	[0, 2, 3, 4, 5]
L12170	[0, 2, 3, 4]
L12173	[1, 3, 4, 5]
L12174	[0, 1, 3, 4]
L12176	[0, 1, 4, 5]
L12179	[0, 1, 4, 5]
L12180	[0, 2, 3, 4]
L12182	[2, 3, 4, 5]
L12183	[0, 1, 4, 5]
L12186	[0, 1, 2, 3, 5]
L12187	[2, 3, 4, 5]
L12188	[0, 2, 3, 4]
L12189	[0, 2, 3, 4]
L12190	[0, 2, 3, 4, 5]
L12192	[0, 2, 3, 5]
L12193	[1, 2, 4, 5]
L12195	[0, 1, 2, 3, 5]
L12196	[0, 1, 4, 5]
L12198	[0, 1, 3, 5]
L12201	[0, 2, 3, 4, 5]
L12202	[0, 1, 3, 4, 5]
L12203	[0, 1, 3, 4]
L12204	[0, 1, 3, 4]
L12205	[0, 1, 3, 4, 5]
L12207	[0, 1, 3, 5]
L12208	[0, 1, 2, 4, 5]
L12209	[2, 3, 4, 5]
L12210	[0, 1, 3]
L12212	[0, 1, 3, 4]
L12216	[0, 3, 5]
L12217	[0, 1, 3, 4, 5]
L12218	[0, 1, 3, 5]
L12219	[1, 2, 3, 4]
L12220	[0, 1, 3, 4, 5]
L12221	[0, 1, 3, 5]
L12223	[1, 2, 3, 4, 5]
L12224	[2, 3, 4]
L12225	[2, 3, 4, 5]
L12226	[1, 2, 3, 4, 5]
L12227	[0, 3, 4]
L12228	[0, 3, 4]
L12229	[0, 2, 3, 4]
L12230	[0, 2, 3, 4]
L12231	[0, 1, 3, 4]
L12234	[1, 3, 4, 5]
L12237	[2, 3, 4, 5]
L12238	[0, 1, 3, 4, 5]
L12241	[1, 2, 3, 4, 5]
L12242	[0, 1, 3, 4]
L12243	[1, 2, 3, 5]
L12244	[0, 1, 3, 4]
L12246	[0, 1, 3, 4]
L12247	[0, 1, 3, 4, 5]
L12248	[0, 1, 4, 5]
L12249	[0, 1, 4, 5]
L12250	[0, 2, 3, 4, 5]
L12251	[2, 3, 4, 5]
L12254	[1, 2, 3, 4]
L12256	[0, 1, 3, 4]
L12258	[0, 1, 2, 4]
L12260	[0, 1, 4, 5]
L12262	[0, 1, 3, 4]
L12264	[0, 1, 4]
L12265	[2, 3, 4, 5]
L12266	[0, 3, 4, 5]
L12267	[0, 1, 4, 5]
L12268	[0, 1, 2, 4, 5]
L12269	[2, 3, 4]
L12270	[0, 1, 4, 5]
L12271	[0, 1, 3, 4]
L12272	[0, 1, 4, 5]
L12274	[1, 2, 3, 4, 5]
L12276	[0, 1, 3, 5]
L12277	[0, 2, 3, 4, 5]
L12278	[1, 2, 3, 4]
L12280	[0, 2, 3, 4, 5]
L12281	[0, 2, 4, 5]
L12284	[0, 2, 4, 5]
L12285	[0, 2, 3, 5]
L12289	[0, 1, 2, 3, 5]
L12290	[1, 2, 3, 4]
L12291	[0, 1, 2, 5]
L12292	[0, 1, 3, 5]
L12293	[0, 3, 4]
L12294	[0, 1, 3, 4]
L12296	[0, 1, 3, 4]
L12297	[0, 1, 4, 5]
L12298	[0, 1, 3, 4, 5]
L12299	[0, 2, 3, 4, 5]
L12301	[0, 1, 2, 5]
L12302	[0, 1, 2, 5]
L12303	[0, 1, 4, 5]
L12304	[0, 1, 2, 4, 5]
L12306	[0, 1, 3, 5]
L12312	[0, 1, 4, 5]
L12314	[1, 2, 3, 5]
L12315	[0, 1, 3, 4]
L12317	[0, 1, 2, 4]
L12318	[0, 1, 2, 5]
L12323	[2, 4, 5]
L12324	[0, 2, 3, 4, 5]
L12326	[0, 3, 4, 5]
L12327	[0, 2, 3, 5]
L12328	[0, 2, 3, 4, 5]
L12330	[0, 2, 3, 4]
L12332	[1, 2, 3, 5]
L12333	[0, 2, 3, 4, 5]
L12334	[0, 1, 2, 4, 5]
L12337	[0, 1, 3, 4, 5]
L12338	[0, 1, 3, 4]
L12339	[0, 1, 3, 4]
L12341	[0, 1, 2, 3, 5]
L12343	[0, 1, 2, 4, 5]
L12345	[0, 1, 3, 4]
L12347	[0, 1, 4, 5]
L12348	[2, 3, 4, 5]
L12350	[0, 1, 4, 5]
L12351	[2, 3, 4, 5]
L12352	[0, 1, 2, 3, 5]
L12354	[0, 1, 3, 4]
L12355	[0, 1, 3, 4, 5]
L12356	[0, 1, 2, 4, 5]
L12357	[0, 4, 5]
L12358	[0, 3, 4, 5]
L12359	[0, 1, 2, 4]
L12360	[0, 1, 2, 5]
L12361	[0, 1, 3, 4, 5]
L12364	[1, 2, 3, 4, 5]
L12365	[0, 1, 3, 4]
L12367	[0, 2, 3, 4, 5]
L12368	[0, 1, 3, 4, 5]
L12372	[1, 2, 3, 4, 5]
L12375	[1, 2, 3, 5]
L12376	[1, 2, 3, 4, 5]
L12378	[0, 2, 3, 4, 5]
L12380	[0, 1, 2, 3, 5]
L12381	[0, 1, 3, 4]
L12382	[0, 1, 2, 3, 5]
L12383	[0, 1, 3, 4]
L12384	[0, 1, 3, 4, 5]
L12386	[2, 3, 4, 5]
L12387	[0, 1, 3, 5]
L12388	[0, 3, 4, 5]
L12389	[0, 3, 4, 5]
L12391	[0, 1, 3, 4]
L12392	[0, 1, 3]
L12393	[0, 1, 3]
L12395	[0, 1, 3, 4]
L12396	[0, 1, 3, 4, 5]
L12397	[0, 1, 3, 4]
L12398	[0, 1, 4, 5]
L12399	[0, 1, 4, 5]
L12400	[0, 1, 3, 4, 5]
L12402	[0, 2, 3, 4, 5]
L12403	[0, 2, 3, 4]
L12404	[0, 1, 3, 5]
L12407	[1, 2, 3, 5]
L12408	[0, 1, 3, 4]
L12410	[0, 1, 4, 5]
L12411	[0, 1, 2, 3, 5]
L12412	[0, 1, 2, 4, 5]
L12414	[0, 1, 2, 4, 5]
L12417	[0, 1, 2, 3, 5]
L12418	[0, 2, 3, 5]
L12421	[0, 2, 3, 4, 5]
L12422	[0, 1, 3, 5]
L12424	[1, 2, 3, 4, 5]
L12425	[0, 1, 3, 4]
L12426	[0, 1, 2, 3, 5]
L12427	[0, 1, 3, 4, 5]
L12429	[0, 1, 3, 4, 5]
L12431	[0, 1, 4, 5]
L12432	[0, 1, 3, 4, 5]
L12433	[0, 1, 3, 4, 5]
L12434	[0, 1, 3, 4, 5]
L12435	[0, 1, 2, 3, 5]
L12436	[0, 1, 5]
L12437	[0, 1, 3, 4, 5]
L12438	[0, 2, 3, 4]
L12439	[0, 1, 2, 3, 5]
L12441	[0, 1, 4, 5]
L12443	[1, 3, 4, 5]
L12446	[0, 1, 3, 4]
L12449	[0, 1, 2, 4]
L12452	[0, 1, 4, 5]
L12454	[0, 1, 3, 4, 5]
L12456	[2, 3, 4, 5]
L12459	[1, 3, 4, 5]
L12460	[0, 1, 2, 3, 5]
L12463	[0, 2, 3, 4, 5]
L12464	[0, 1, 2, 3, 5]
L12466	[1, 2, 3, 4, 5]
L12468	[2, 3, 4, 5]
L12469	[2, 3, 4, 5]
L12471	[0, 1, 4, 5]
L12472	[0, 1, 2, 4, 5]
L12473	[0, 1, 4, 5]
L12474	[0, 1, 4, 5]
L12475	[0, 1, 3, 4, 5]
L12476	[0, 3, 4, 5]
L12477	[1, 2, 3, 5]
L12480	[0, 1, 3, 4]
L12482	[0, 1, 3, 4]
L12485	[0, 1, 3, 4]
L12486	[0, 1, 3, 4, 5]
L12487	[1, 2, 3, 4, 5]
L12491	[0, 1, 4, 5]
L12494	[2, 3, 4, 5]
L12495	[1, 2, 3, 4]
L12497	[0, 1, 4, 5]
L12499	[0, 1, 2, 4]
L12500	[0, 1, 4, 5]
L12502	[0, 1, 3, 4, 5]
L12503	[0, 1, 2, 3, 5]
L12504	[0, 1, 2, 3, 5]
L12505	[0, 1, 2, 3, 5]
L12506	[0, 1, 2, 3, 5]
L12507	[0, 1, 2, 5]
L12508	[0, 2, 3, 4, 5]
L12509	[0, 1, 2, 3, 5]
L12511	[0, 1, 2, 3, 5]
L12512	[3, 4, 5]
L12513	[0, 1, 2, 3, 5]
L12514	[0, 1, 2, 3, 5]
L12515	[1, 2, 3, 5]
L12521	[0, 1, 4, 5]
L12522	[1, 2, 3]
L12524	[1, 2, 3, 4]
L12525	[1, 2, 4, 5]
L12530	[0, 1, 3, 4]
L12532	[1, 2, 3, 4, 5]
L12534	[2, 3, 4, 5]
L12535	[1, 2, 3, 4, 5]
L12536	[0, 1, 3, 4]
L12540	[0, 1, 4, 5]
L12548	[0, 2, 3, 4, 5]
L12551	[0, 1, 3, 4]
L12559	[0, 1, 2, 3, 5]
L12560	[0, 1, 3, 5]
L12561	[1, 2, 3, 5]
L12562	[0, 1, 3, 4, 5]
L12564	[0, 1, 3, 4]
L12566	[0, 1, 3, 4]
L12567	[0, 1, 2, 4]
L12569	[3, 4, 5]
L12572	[2, 3, 4, 5]
L12573	[0, 1, 4, 5]
L12576	[1, 2, 3, 4]
L12577	[0, 1, 3, 4, 5]
L12578	[0, 1, 4, 5]
L12582	[0, 1, 3, 4]
L12588	[0, 3, 5]
L12590	[0, 1, 3]
L12593	[0, 1, 2, 3, 5]
L12595	[0, 1, 3, 4, 5]
L12599	[0, 2, 4, 5]
L12602	[0, 1, 3, 4, 5]
L12603	[0, 1, 2, 3, 5]
L12604	[1, 2, 3, 4, 5]
L12605	[2, 3, 4, 5]
L12607	[0, 2, 4, 5]
L12609	[0, 1, 3]
L12610	[0, 3, 4, 5]
L12611	[1, 2, 3, 4]
L12612	[2, 3, 4, 5]
L12614	[0, 2, 3, 4, 5]
L12615	[0, 1, 4, 5]
L12616	[0, 1, 2, 3, 5]
L12617	[0, 2, 3, 4, 5]
L12618	[0, 2, 3, 4, 5]
L12620	[0, 1, 4, 5]
L12621	[0, 1, 4, 5]
L12622	[0, 2, 3, 4, 5]
L12623	[0, 1, 4, 5]
L12625	[0, 1, 2, 3, 5]
L12626	[0, 1, 3, 4, 5]
L12629	[0, 1, 3, 4]
L12636	[1, 2, 3, 4, 5]
L12641	[2, 3, 4, 5]
L12645	[0, 1, 3, 5]
L12649	[0, 1, 2, 3, 5]
L12650	[0, 1, 2, 5]
L12651	[0, 3, 4, 5]
L12659	[0, 1, 2, 4]
L12660	[0, 2, 4, 5]
L12661	[0, 1, 2, 4, 5]
L12662	[1, 2, 4, 5]
L12665	[3, 4, 5]
L12666	[0, 1, 3]
L12667	[0, 1, 3, 4, 5]
L12668	[0, 1, 3, 5]
L12670	[0, 1, 3, 4, 5]
L12671	[0, 1, 4, 5]
L12672	[0, 1, 2, 3, 5]
L12673	[0, 2, 3, 4, 5]
L12674	[0, 4, 5]
L12675	[0, 1, 2, 4]
L12676	[0, 1, 3, 4]
L12677	[0, 1, 2, 4]
L12679	[0, 1, 3, 4, 5]
L12680	[0, 1, 3, 4]
L12681	[1, 2, 3, 4]
L12683	[1, 2, 3, 4]
L12684	[0, 1, 2, 4, 5]
L12686	[0, 2, 4, 5]
L12687	[0, 2, 3, 4, 5]
L12688	[0, 1, 3, 4, 5]
L12690	[1, 2, 3, 5]
L12692	[0, 1, 3, 4, 5]
L12694	[0, 2, 3, 4, 5]
L12697	[0, 1, 2, 3, 5]
L12698	[0, 1, 3, 5]
L12699	[0, 1, 3, 4, 5]
L12700	[0, 1, 2, 3, 5]
L12703	[0, 1, 3, 4]
L12704	[0, 1, 3, 4]
L12705	[0, 1, 3, 4, 5]
L12707	[0, 4, 5]
L12708	[0, 2, 4, 5]
L12709	[0, 1, 2, 4]
L12710	[0, 1, 2, 4]
L12713	[0, 1, 3, 4]
L12714	[1, 2, 3, 4]
L12720	[1, 3, 4, 5]
L12726	[0, 1, 3, 4, 5]
L12730	[0, 1, 2, 4, 5]
L12732	[0, 1, 3, 4, 5]
L12733	[0, 2, 3, 4, 5]
L12735	[2, 3, 4, 5]
L12737	[1, 2, 3, 4, 5]
L12738	[0, 1, 2, 4, 5]
L12739	[1, 2, 3, 4, 5]
L12743	[1, 3, 5]
L12744	[0, 1, 3, 4]
L12749	[0, 1, 3]
L12757	[0, 1, 2, 3, 5]
L12758	[0, 1, 3, 5]
L12759	[0, 1, 5]
L12760	[0, 1, 3, 4]
L12761	[0, 1, 2, 3, 5]
L12762	[1, 2, 3, 4]
L12764	[0, 1, 3, 4]
L12765	[0, 1, 3, 4]
L12767	[0, 1, 3, 5]
L12768	[0, 1, 3, 4]
L12769	[0, 1, 3, 4]
L12770	[2, 3, 4, 5]
